trial #	time1	InterStim	reaction time	distance	2
1	0	0	0	2
2	0	0	0	2
3	0	0	0	2
4	55552768	577924	403344	3
5	56611724	256	140	3
6	58553960	408516	259080	3
7	61535904	542004	249608	3
8	64534416	958468	212744	2
9	67549800	891604	247432	2
10	70549152	724156	193800	1
11	73547368	641508	288776	3
12	76546424	724876	217488	3
13	79528072	524412	378384	3
14	82527000	641148	174600	2
15	85525516	791496	162056	2
16	88523788	641512	171808	2
17	91522424	608260	191000	1
18	94521536	774508	199304	2
19	97519208	792340	184728	2
20	100535308	824504	218504	2
21	103517016	691628	271504	2
22	106515592	692228	259464	3
23	109531448	857996	217096	1
24	112529720	791740	241440	3
25	115511664	891972	244488	2
26	118526988	724872	443016	3
27	121526160	841012	204680	2
28	124524800	525012	256264	1
29	127523192	791492	228232	2
30	130504896	858960	233356	3
31	133503768	624888	160268	1
32	136519080	725124	180104	3
33	139501216	475020	178824	2
34	142516416	575252	231048	1
35	145498424	808244	201224	3
36	148514104	591996	199944	2
37	151512488	941972	165000	3
38	154510832	808964	213536	2
39	157510008	824380	257032	3
40	160509184	657652	251040	2
28	424188	276872	1
42	166489344	591756	340232	3
43	169521344	725236	208264	2
44	0	0	0	1
45	175486048	458012	241688	1
46	178501280	607900	219400	3
47	181499552	608624	68108	3
48	184480960	708612	199944	1
49	0	0	0	1
50	0	0	0	1
51	0	0	0	1
52	0	0	0	1
53	187481008	974340	255880	3
54	190495880	774628	247048	2
55	193494392	691380	167944	2
56	196475792	658740	207112	3
57	199491896	940884	192904	1
58	202490104	758732	204296	2
59	205489104	791252	205192	3
60	208487256	625244	245000	3
61	211486312	558260	188168	3
62	214501568	524772	199688	3
63	217483760	841372	161416	3
64	220482392	891244	126344	2
65	223481208	907868	174728	2
66	226480140	674760	222984	2
67	229478896	674756	243336	2
68	232477888	424300	396424	3
69	235476944	807036	123784	3
70	238459496	939676	129040	3
71	241457164	974128	188808	1
72	244471576	841612	205832	3
73	247471240	524292	240264	3
74	250469688	807516	168968	1
75	253468264	791252	314504	3
76	256466832	491404	341384	3
77	259465648	641148	172936	2
78	262464344	891244	46088	1
79	265446112	541396	205832	1
80	268461552	958228	166544	1
81	271443736	824148	218888	2
82	274458760	507908	233736	1
83	0	0	0	3
84	280456368	624172	238728	2
85	283454720	624644	228880	2
86	286436728	575004	219656	3
87	289435168	741388	198792	1
88	292434536	707644	240520	1
89	295450096	507788	187416	1
90	298448064	941244	252440	2
91	301056788	1364096	263560	2
92	304444672	891604	218632	3
93	307443664	941120	192396	2
94	310442176	458516	223624	2
95	313440688	409124	207496	3
96	316455888	792220	233608	2
97	319438016	642116	270480	3
98	322436768	741744	233996	2
99	325435224	758364	187016	1
100	328433920	442612	256288	2
101	331432792	958108	208672	1
102	334431728	791492	243208	2
103	0	0	0	2
104	337430360	740900	194712	2
105	340429056	658132	207624	3
106	343427568	1008220	183304	2
107	346426380	874744	221456	3
108	0	0	0	2
109	352424336	607684	249864	2
110	355422584	741860	220552	2
111	358421504	674284	215432	1
112	361419728	441772	245656	2
113	364418664	774508	185864	1
114	367417296	541396	196232	2
115	370415688	841612	254856	3
116	373414080	425508	246792	3
117	376413560	1007860	176904	1
118	379411888	541524	255376	3
119	382410456	541644	200072	2
120	385409336	558028	222224	2
121	388424472	808484	127624	1
122	391423232	441884	241160	1
123	394405480	907868	298120	3
124	397404232	791132	309896	1
125	400419128	508756	186760	2
126	403401440	791252	205320	1
127	406400192	541396	221192	3
128	409415032	957980	193928	1
129	412396920	608020	230792	2
130	415412656	874620	245256	3
131	418394968	807516	224776	2
132	0	0	0	3
133	424392984	873684	167176	1
134	427390328	725356	215176	2
135	430389384	875220	230280	2
136	433388616	524412	264456	3
137	436386704	774996	19464	1
138	439386248	1007740	188944	1
139	442383856	708852	221704	1
140	445383032	908108	296072	3
141	448382384	524532	239368	2
142	451397224	641388	252040	1
143	454382064	988100	217224	1
144	457378464	773668	433288	2
145	460376616	624764	244872	1
146	463374888	508636	210192	2
147	0	0	0	1
148	469372752	957268	194312	2
149	472370848	891004	219144	2
150	475369664	705964	645000	1
151	478368960	507668	433416	2
152	481367232	474540	365192	3
153	484383328	674044	184968	2
154	487364620	908232	203528	2
155	490379880	807756	184968	1
156	493361648	607900	180232	1
157	496377568	457428	234376	1
158	499376080	757524	219144	2
159	502374288	824748	222728	2
160	505356960	757524	221960	2
161	508355232	458396	231304	3
162	511354768	440572	275080	1
163	514352560	475140	233608	2
164	517350536	908708	214536	2
165	520349832	991596	212640	2
166	523347920	491764	263048	2
167	526363056	875104	217356	1
168	529361992	908108	246536	1
169	532344000	474900	422796	2
170	535342992	641516	192152	2
171	538341208	408760	263052	3
172	541356824	824628	262280	2
173	544355400	675364	262152	1
174	547337228	442372	281356	1
175	550335984	641988	223240	2
176	553335040	591388	186632	1
177	556333608	891612	380816	1
178	559332544	824508	251672	1
179	562347264	441404	364040	2
180	565329932	991360	388488	2
181	568328568	657892	244872	2
182	571343824	741140	284040	3
183	574343180	673796	257932	1
184	577324044	708248	265480	2
185	580322680	858476	415368	2
186	583321736	708364	339592	3
187	586320416	508036	251400	3
188	589319352	791140	184200	1
189	592317816	458268	216456	1
190	595332832	891964	194952	1
191	598331888	724756	235408	3
192	601313472	608500	208008	1
1	1558240	600188	202376	1
2	4557176	733068	267152	3
3	7556712	599220	223368	3
4	10555224	749212	12960	2
5	13554032	498876	240648	3
6	0	0	0	3
7	19552128	597788	204040	1
8	22550480	964972	243976	1
9	25549416	647892	480264	2
10	28548108	864504	182800	1
11	31546744	580908	172424	1
12	34545616	630788	392328	3
13	37546832	510684	277000	3
14	40545952	860044	230024	3
15	43561696	776796	360328	3
16	46560752	759812	220064	2
17	49542216	577300	345224	1
18	52558016	510316	349064	3
19	55539304	993644	214152	3
20	58555576	842828	177168	2
21	61537168	559956	226824	3
22	0	0	0	3
23	67535360	509092	185096	1
24	70550480	959428	201480	1
25	73531768	543444	229640	2
26	76530640	509836	209032	1
27	79529632	825836	209032	1
28	82545376	459476	195976	2
29	85527080	726084	207368	2
30	88540536	778484	199688	2
31	91538080	479964	355608	3
32	94520272	812820	216072	2
33	0	0	0	3
34	100518484	811632	167816	2
35	103517736	844020	223368	3
36	0	0	0	3
37	109530720	529116	214664	2
38	112512136	912444	205704	2
39	115510824	796196	242440	2
40	118527952	794148	201504	3
41	121509656	594892	203528	1
42	124508832	827276	199944	2
43	127507288	477668	197768	2
44	130505740	977984	206088	3
45	133521544	494412	251400	1
46	136503176	910892	188168	2
47	139501824	911604	219808	2
48	142500632	961124	297624	2
49	145515952	428156	234504	1
50	148497904	494772	187400	3
51	151513100	528024	177928	1
52	154509448	780652	176416	2
53	157504400	558988	355468	2
54	160488160	834620	197000	1
55	163510160	775356	177416	2
56	166491272	1009788	63632	1
57	169507008	659220	179592	1
58	172506064	891844	179464	1
59	175504520	775708	181896	1
60	178503032	809444	127240	3
61	181501784	459236	205064	2
62	184500656	908596	174984	3
63	187485976	639588	197528	3
64	190498288	775228	212488	2
65	193496672	992204	167432	3
66	196511808	425756	233608	3
67	199493704	642596	173320	1
68	202493424	841124	93576	1
69	205474648	458876	221064	1
70	208490024	609108	249752	3
71	211488656	409604	199176	1
72	214487472	708972	170760	2
73	217485808	459116	190600	1
74	220484560	725716	214280	3
75	223482944	475868	207368	2
76	226482240	742476	174600	2
77	229463704	676092	221448	2
78	232479576	642232	199820	1
79	235477664	459964	195336	2
80	238476840	609228	202784	2
81	241458784	642356	197512	3
82	244490736	492604	200072	3
83	0	0	0	2
84	250455136	925436	155912	2
85	253470248	425868	188168	1
86	256469004	975696	194184	2
87	259467640	975572	53384	2
88	262466208	509116	194440	2
89	265464968	759324	170632	1
90	268463896	675604	180360	1
91	271462536	875460	208136	2
92	274444600	991960	323468	2
93	277443112	659220	210184	1
94	280458432	742348	156168	1
95	283440140	892932	186892	1
96	286472560	576340	585484	2
97	289454576	941844	230288	3
98	292436280	759212	179720	2
99	295435520	892084	115208	2
100	298433488	809444	158984	2
101	301449104	492972	342920	2
102	304448224	892208	150412	1
103	307446736	908716	165784	3
104	310445432	958708	213128	1
105	313427496	791740	181128	3
106	316426008	592364	193680	2
107	319441632	608740	193544	2
108	322439904	842572	43272	1
109	325438536	892572	109832	2
110	328420904	492492	198432	1
111	331435984	842212	203144	3
112	334435040	425628	200600	2
113	337433248	792944	174988	3
114	340432248	609100	194440	3
115	343431056	675844	365448	3
116	346429696	825468	198808	2
117	349428264	525620	200200	3
118	0	0	0	3
119	355426208	908580	179336	3
120	358424464	425388	190728	1
121	361423040	991956	161544	2
122	364421736	975452	201096	1
123	367420552	858956	218760	2
124	370418280	926660	204040	3
125	373418120	942324	85784	2
126	376416392	675720	219788	1
127	379415624	974732	56072	1
128	382413960	541996	200712	3
129	385412648	808844	190472	1
130	388394360	859316	228488	1
131	391410336	891492	223376	3
132	394409152	558148	248080	3
133	397407728	791732	229128	3
134	400406416	408164	230432	3
135	403404448	792340	209800	2
136	0	0	0	1
137	0	0	0	3
138	412401296	458644	233864	3
139	415399408	492964	215816	1
140	418397920	941844	187168	3
141	421396552	792580	217224	2
142	424395608	908716	199568	3
143	427394000	642112	261260	3
144	430392512	808964	264840	3
145	433391752	542600	228620	3
146	436390384	758604	188296	3
147	439388352	909676	221192	3
148	442404272	959072	182412	3
149	445386704	791492	214920	3
150	448384912	909316	170760	3
151	451383308	525856	256776	1
152	454382184	492484	371336	1
153	457380336	592956	210824	3
154	460379392	809204	226336	2
155	463377420	609824	180616	1
156	466393704	908836	177928	1
157	469375768	525740	205704	3
158	472373920	743188	194952	2
159	475373096	425628	214920	2
160	478371792	875340	150280	3
161	481370544	708612	213000	2
162	484369120	992076	184584	3
163	487367568	1009668	43784	2
164	490366208	658972	194056	1
165	493365080	926060	142856	2
166	496380512	675732	223264	3
167	499362464	726204	173064	1
168	502361584	808724	166672	3
169	505360216	958588	217096	2
170	508375296	408756	210056	3
171	511357304	776076	201232	2
172	514355816	925820	159368	2
173	517355112	558504	219788	2
174	520353624	958708	237320	2
175	523368584	759324	187528	3
176	526383960	942444	198536	2
177	529365904	675724	440200	3
178	532364720	575852	179976	3
179	0	0	0	2
180	0	0	0	1
181	541345168	441740	197128	3
182	544359672	808852	162952	1
183	547358312	592596	275720	2
184	550340560	841852	201608	2
185	553339072	808964	182792	2
186	556337576	925828	198536	2
187	559335920	709452	258696	3
188	562334552	976056	180364	2
189	565333128	676324	259848	3
190	568332300	825348	197516	2
191	571347560	875340	158216	1
192	574362936	825948	166280	2
193	577345248	992076	216840	3
194	580326952	525620	263176	1
195	583325464	426108	241544	3
196	586340664	759572	253320	3
197	589322792	976300	182280	2
198	592321488	776316	262024	1
199	595320304	808844	204568	3
200	598318752	659580	259080	3
201	601317632	509228	230792	1
1	636	10430384	45704	1
2	10561968	2596628	199308	3
3	13542776	8350780	242696	2
4	24326096	859924	145164	1
5	27324848	1009548	142348	1
6	30339984	875108	200864	1
7	33322176	941124	328212	1
8	36321232	489956	223496	2
9	39319564	957864	194188	1
10	42334824	741500	189836	3
11	45333760	988340	129928	2
12	48332152	989548	161160	2
13	51331084	589952	208780	1
14	54313152	673076	37280	1
15	0	0	0	2
16	60327636	555984	295560	3
17	61285144	3006712	177548	2
18	64667840	2621444	172940	2
19	0	0	0	2
20	70201312	2970672	211344	1
21	73581160	2255692	369804	3
	2889244	163596	1
23	79511384	2627588	186124	3
24	82527000	2307260	167436	1
25	85225904	2608916	193164	1
26	88224480	2778416	184460	1
27	91390088	2543372	203788	3
28	94339384	2841180	157708	2
29	97587032	2224732	186764	3
30	0	0	0	3
31	103168852	2800952	106380	3
32	106220800	2996348	308380	1
33	109617152	2214140	397336	2
34	112235416	2646136	214032	3
35	115299824	2528436	215180	1
36	120300136	908956	161940	1
37	121614408	2127876	359948	1
38	124145064	3113212	235532	3
39	127658656	2550252	141068	1
40	130623256	2322076	219404	3
41	133337520	2688308	267660	3
42	136419936	2501820	319884	1
43	139337200	2486396	388360	3
44	142230832	14991972	91144	1
45	157491696	8261276	191244	2
46	165947048	2846476	151432	2
47	0	0	0	3
48	172135160	2949580	193420	1
49	175488552	5746692	163084	2
50	181592680	2439172	192776	2
51	186271456	599828	207908	3
52	187134856	3088520	187148	2
53	190485516	2729624	313608	3
54	193554808	2518680	185868	1
55	198265928	905340	173064	3
56	200009316	2049452	173968	2
57	202472400	2365684	191500	3
58	0	0	0	3
59	208568916	2147288	246152	3
60	211120016	3133084	167816	3
61	214648784	2187028	206860	3
62	217238720	2808780	179852	3
63	220447392	2733124	203016	3
64	225254160	825356	125324	1
65	226499776	2740948	253448	1
66	231251912	855836	245900	2
67	232513424	2795524	185484	1
68	235687824	2399300	197900	3
69	240247204	989804	109580	2
70	243230248	904020	187544	3
71	246245752	438636	201228	1
72	249243480	623316	37128	2
73	252242344	970524	97288	3
74	253599336	2580364	188452	2
75	258257208	586092	301960	2
76	261240720	866916	191776	3
77	264239480	966660	203032	2
78	267238168	717412	194072	2
79	270236684	833664	142856	2
80	273235672	566220	203528	2
81	276234252	450320	224392	3
82	279232944	550436	190600	2
83	282231696	466828	230920	2
84	285230568	566220	222472	2
85	288229024	833180	98440	1
86	291227840	900644	156168	1
87	294226416	950156	206488	1
88	297241792	450444	370568	3
89	300223800	433100	204176	3
90	303221952	518148	134920	1
91	306220584	784628	61832	1
92	309219216	684884	198536	1
93	312218096	967740	182664	3
94	313639216	2428100	224804	2
95	318213312	871372	236936	2
96	321211696	854752	414860	3
97	324210880	438756	215944	3
98	0	0	0	2
99	330210028	651616	221448	2
100	333207808	453692	248072	3
101	336206860	486104	187528	3
102	339205376	519588	205960	1
103	342204248	702708	101000	1
104	345202040	887868	46728	2
105	348201032	719816	231180	2
106	351200568	800892	170632	3
107	354215824	668980	79112	1
108	357197896	834748	166928	1
109	360195928	720300	159888	3
110	363211368	636692	507800	2
111	366193488	468884	158728	2
112	369191888	853056	5648	1
113	372190824	687164	164360	2
114	375188728	670188	148104	2
115	378188208	851972	114828	1
116	381187144	919076	88840	2
117	384185600	586212	174984	2
118	387184112	652228	215560	2
119	390182744	736076	201224	1
120	393181488	969440	111244	1
121	396180368	885948	12808	3
122	399195560	569116	187272	3
123	0	0	0	3
124	405176868	502128	197768	3
125	408191768	452612	194696	1
126	411173960	951844	193416	3
127	414172592	969188	231688	2
128	417187912	702948	196360	2
129	420169740	769568	207880	1
130	423168496	586332	207368	1
131	426184104	901736	69516	1
132	429166120	819688	190348	2
133	432181200	552724	196108	2
134	435163136	834988	172936	1
135	438178768	819444	179720	2
136	441160224	502860	207240	3
137	444159408	618380	169480	1
138	447174848	785836	190472	1
139	450156432	1020516	62884	3
140	453171272	668372	269320	2
141	456172072	849924	208392	3
142	459154200	849444	219272	3
143	462152776	816072	202124	2
144	465168152	566820	242056	1
145	468166848	783060	120712	2
146	471148800	883052	187784	3
147	474147672	766196	360328	2
148	477146124	999912	167328	3
149	480145056	483092	221192	1
150	483143992	616212	212616	3
151	486159312	682468	133256	3
152	489141016	633324	165904	3
153	492156696	848484	138392	3
154	495155212	449600	233096	1
155	498137280	866428	30344	2
156	501135912	515620	221320	1
157	504134728	899436	200968	3
158	507150048	516700	209932	2
159	510131936	832452	200328	3
160	513147256	765956	206744	1
161	516129320	516220	574088	3
162	519144584	882812	181264	1
163	522126712	1016052	182664	2
	525125392	1016548	222624	3
165	528124040	882444	184968	3
166	531139288	599596	243088	2
167	534138104	782708	153608	1
168	537136560	600068	153992	1
169	540135256	832820	257032	2
170	543117384	765956	347912	2
171	546116200	666084	188168	1
172	549114892	599104	386952	1
173	552113464	982444	214024	3
174	555128720	866188	202632	3
175	558127296	749452	199304	3
176	561126048	882692	204040	1
177	564124808	600428	400548	2
178	567123488	466236	226696	3
179	570105560	782588	83080	2
180	573121008	433212	177800	1
181	576119336	633444	193032	1
182	0	0	0	2
183	582134036	516248	242952	3
184	585115480	966540	165128	3
185	588114112	765836	188424	3
186	591112568	517300	213896	2
187	594111440	899676	172424	2
188	597110016	483212	232840	3
189	0	0	0	3
190	603107772	582712	210080	3
191	606105968	833548	220440	3
192	609104416	417924	203912	1
1	1563056	726564	306696	3
2	4562472	909436	198920	2
3	7560144	627052	217480	2
4	0	0	0	2
5	13574464	576812	205576	3
6	16556044	977024	175240	1
7	19554800	810528	165900	1
8	22553240	494068	229768	3
9	25552064	794508	181256	1
10	28567504	844380	212232	3
11	31549440	677412	183944	1
12	34548024	643924	198536	3
13	37546720	510796	196872	3
14	40545824	843788	313736	2
15	43544344	460324	201224	1
16	46559968	476828	137368	3
17	49541736	927020	56328	3
18	52540304	677052	226824	2
19	55538880	694156	224776	3
20	58554440	794028	191264	3
21	61536268	461048	192656	3
22	64535024	1010268	179848	2
23	67550160	843900	171528	2
24	70532232	660660	174856	2
25	73530744	694516	177544	3
26	76546304	910516	215560	2
27	79544936	427432	235660	2
28	82543688	460924	161288	2
29	85525516	810648	106376	2
30	88541196	826912	22792	1
31	91539528	444420	590860	3
32	94538640	460324	199432	3
33	97520048	760780	24344	1
34	100519168	527660	202248	2
35	103534296	460692	226568	3
36	106533056	911004	208136	3
37	109531872	710660	227080	1
38	112530624	643796	168072	3
39	115529136	910884	4492	3
40	118511088	894496	186252	3
41	121509840	893892	165128	3
42	124508536	910276	180744	3
43	127507344	910644	274696	1
44	130522248	477908	264712	3
45	0	0	0	3
46	136520296	776676	163720	2
47	139501824	977380	227080	1
48	142500576	660300	219272	1
49	145499088	676804	156040	1
50	148497960	910044	149392	3
51	151512976	894740	135176	1
52	154495112	511036	302088	1
53	157493440	411412	239112	1
54	160509296	1010156	198408	3
55	163507984	843908	276616	2
56	166506264	777764	193032	3
57	169488568	977148	193288	1
58	172503896	660420	235144	1
59	175502168	477188	207624	1
60	178500984	911124	250504	2
61	181483532	960392	194312	1
62	184482048	493452	230280	2
63	187480256	1011236	225160	3
64	190495936	777404	215192	3
65	193494624	827044	263184	3
66	196476216	760780	366608	1
67	199491960	727044	227608	2
68	202507144	727540	217752	1
69	205489464	460684	223496	1
70	208471472	911004	181384	3
71	211469688	461164	247944	2
72	214468744	694152	177804	3
73	217483880	877508	184712	3
74	220482808	743916	214408	3
75	223481328	644276	192904	3
76	226463336	993764	165128	3
77	229462272	560428	251656	2
78	232460904	644276	195848	2
79	235475980	710904	205712	2
80	238458288	776676	223240	2
81	241457040	494180	152096	2
82	244472000	777884	166792	1
83	247454072	777516	293896	3
84	250469512	644396	243976	1
85	253451152	677412	224776	3
86	256466656	994244	170632	2
87	259465832	693672	215436	1
88	262464272	861020	206856	1
89	265463040	543804	207368	3
90	0	0	0	3
91	271443988	760048	169232	2
92	274442240	943772	177160	2
93	277441064	427676	425224	2
94	280439040	494892	210696	1
95	283438392	510316	213000	2
96	286453772	544168	262920	3
97	289452464	794748	191624	3
98	292451160	510916	227720	1
99	295449912	710660	179976	1
100	298431680	643920	264972	3
101	301430192	777404	274568	3
102	304445872	593684	199304	3
103	307427880	627780	184200	1
104	310426576	644160	224652	3
105	313441832	577300	220552	2
106	316440712	777036	168072	1
107	319422296	461164	184200	1
108	322438216	827036	192904	1
109	325435944	777524	191752	2
110	328418680	960396	198160	3
111	331434120	777036	80520	2
112	334432688	810412	299272	1
113	337431264	976780	225160	2
114	340447064	743428	187016	2
115	343428352	527060	204936	1
116	346410536	994132	173080	1
117	349425800	661020	212488	2
118	352424432	777636	195336	2
119	355422944	894500	182032	2
120	358421640	960876	427808	3
121	361420568	644164	194952	1
122	364419200	627900	169992	1
123	367417656	611156	174216	3
124	370416832	960516	286600	3
125	373415648	677168	206860	2
126	376414344	910036	208136	1
127	379412736	593680	277260	3
128	382411608	694156	247432	1
129	385410184	444660	215192	1
130	388408632	644164	445208	3
131	391407504	710180	230536	2
132	394405900	478032	203272	3
133	397404896	493932	178312	3
134	0	0	0	2
135	403402632	643932	210312	1
136	406400728	1010396	181896	1
137	409399240	444188	284040	1
138	412398000	561156	216840	1
139	415396576	444300	221832	2
140	418395568	560556	186632	3
141	421394264	594284	226440	1
142	424409640	527788	225160	1
143	427391712	811132	10120	1
144	430389984	977500	105480	3
145	433388976	877396	192272	2
146	436387912	677412	234760	3
147	439386064	977500	115848	1
148	442385056	494180	231568	2
149	445383752	743908	319112	1
150	448382208	793900	259720	3
151	451381016	577540	210952	2
152	454379712	843660	222472	1
153	457378224	460324	254344	2
154	460376848	444068	228488	2
155	463375736	793540	270216	1
156	466374184	760900	203016	2
157	469373240	860284	240008	2
158	472371816	927508	100376	1
159	475382796	548504	194184	2
160	478369200	844020	197896	3
161	481384336	844028	258824	2
162	484366832	977140	202504	2
163	487365520	827036	227720	1
164	490363856	693916	212360	2
165	493362728	443580	289032	2
166	496377808	461164	221704	2
167	499376440	627292	228872	3
169	505357200	611036	262536	2
170	508355536	1010628	71304	1
171	511354464	1010636	247432	3
172	514370032	894012	222600	1
173	517368664	544292	234008	2
174	520350552	944372	7944	3
175	523349004	678016	393736	2
176	526347752	444428	262688	3
177	529380000	927268	141192	3
178	532345328	777396	215432	1
179	535343896	794628	144392	1
180	538342656	677404	227464	3
181	541341224	777404	389128	2
182	544339800	843780	156040	1
183	547338616	444420	245144	3
184	550353808	794268	72968	2
185	553352920	993652	176648	3
186	556334928	1010396	55564	3
187	559333512	660180	268168	3
188	562332200	893660	186512	3
189	565331016	660424	181900	1
190	568329104	961364	213000	2
191	571345032	977140	245784	3
192	574326976	493692	311048	3
	577342296	743908	220424	1
194	580324424	577180	214664	3
194568	3
196	586321568	610428	202248	2
197	589337192	976900	191240	2
198	592335704	726804	234760	2
199	595317592	811132	193800	2
200	598333088	627180	267144	3
201	601314976	527188	270752	1
1	1560408	457548	206216	2
2	4576448	973164	163976	1
3	7557976	723908	190856	3
4	10573960	856428	175520	2
5	13572352	956540	98840	1
6	16553752	708012	204296	3
7	19553112	473812	215176	2
8	22568784	673324	181144	1
9	25566704	673796	221088	3
10	28548408	440924	361224	1
11	31547280	873660	136584	1
12	34546568	956552	154252	3
13	37562320	723308	274568	3
14	40561304	988596	222984	1
15	43542416	656572	192136	1
16	46557856	906548	171400	3
17	49556192	523692	224520	2
18	52554400	924016	151948	1
19	55537016	523564	189832	1
20	58552696	673432	212108	2
21	61550784	657292	164488	2
22	64566408	889556	177928	2
23	67548472	506340	221704	2
24	70548072	988948	171672	3
25	73546764	605608	234120	3
26	76544792	773428	169480	1
27	79543608	806076	153376	1
28	82541880	973528	68236	2
29	85541176	739452	206216	3
30	88522764	606576	179736	3
31	91538080	790652	174344	2
32	94536840	639700	178824	1
33	97535232	573564	217752	2
34	100534584	956060	188168	2
35	103515992	990028	322568	3
36	106514688	673188	190984	2
37	109513616	573692	158472	1
38	112545440	789932	167304	3
39	115527992	572844	215048	1
40	118526144	656932	144648	1
41	121508272	590188	188040	2
42	124523532	406952	208136	1
43	127522704	756204	183448	1
44	130520848	456716	197256	2
45	133502688	939916	163208	2
46	0	0	0	3
47	139517728	988820	158984	3
4	1
514992	505620	206864	1
50	148513024	489716	214304	1
51	151494424	923652	184072	1
52	154509688	490796	190856	1
53	157509160	739692	162440	2
54	160507616	840044	229768	2
55	163489264	623796	244232	3
56	166505056	790180	213136	1
57	169504112	1006660	179848	1
58	172502752	623196	194440	1
59	175484280	506820	153096	1
60	178500016	706684	179592	2
61	181498520	573572	242952	2
62	184478192	559108	379552	1
63	187478688	590676	196128	1
64	190494428	523448	190728	1
65	0	0	0	3
66	196490736	591148	216328	3
67	199489304	607900	198408	3
68	202488664	923052	156816	1
69	205503256	309132	565640	2
70	208485992	823420	151944	1
71	0	0	0	1
72	0	0	0	1
73	211485976	839292	173448	2
74	214483440	457068	190088	3
75	217481712	657412	210976	3
76	220480760	773668	134280	2
77	223479096	474300	196896	1
78	226478512	607060	202128	3
79	229477144	473580	172560	1
80	232475360	790052	182416	3
81	235474112	856668	120712	2
82	238472864	623684	196104	2
83	241471500	873536	157064	1
84	244470552	923652	17032	1
85	247469432	540188	221448	3
86	250484808	623924	216984	1
87	253466576	740172	167432	1
88	256465200	640436	181000	2
89	259463784	657172	186136	3
90	262462176	540436	202016	2
91	265460808	840892	24080	1
92	268459264	940756	335496	2
93	271457896	624164	139144	1
94	274456768	507548	101256	2
95	277455344	590188	172936	3
96	280454280	707284	166920	2
97	283452968	222276	822152	3
98	286451904	456828	422408	1
99	289449696	607900	200344	3
100	292449416	856908	152584	1
101	295447200	774388	301064	3
102	298463488	590068	192800	3
103	301445132	856672	184712	3
104	304444064	790172	196616	3
105	307442760	657052	223240	3
106	310441456	674036	233480	3
107	313440268	590192	224408	3
108	316454320	907872	213004	2
109	319438080	740172	261000	3
110	322435984	790656	161292	1
111	325435152	956308	75272	3
112	328433920	656084	220424	2
113	331432072	657288	164492	1
114	334431304	606092	215304	2
115	337429640	490436	406792	2
116	340428392	540196	226696	1
117	343426664	656684	154760	2
118	0	0	0	3
119	349441036	906544	222728	1
120	352422744	990392	193548	3
121	355420776	458028	276488	1
122	358435728	607900	173064	1
123	361419184	873420	21528	1
124	364417328	424068	199944	1
125	367416576	606452	173344	3
126	370414424	641028	170632	2
127	373413288	874148	138632	3
128	376428368	507676	170760	3
129	379411592	489716	189592	1
130	382426488	756916	148872	3
131	385407768	924500	161032	1
132	388423032	890764	157968	2
133	391405456	523932	216840	1
134	394421260	890280	167432	3
135	397403208	656572	161040	1
136	400402200	806076	232968	3
137	403400592	423460	224008	2
138	406399112	856908	189704	3
139	409397624	740292	181384	1
140	412413360	1006176	218636	3
141	415394464	790896	361612	2
142	418393944	606572	155144	1
143	421392144	557312	189196	2
144	424390668	673672	170760	3
145	427389664	473452	205832	3
146	430388296	957384	144652	2
147	433387048	440564	156040	1
148	436386464	689700	232712	1
149	439400640	491404	183432	1
150	442382768	873900	154248	1
151	445381760	623564	229512	1
152	448393228	427672	173960	2
153	451379392	590188	181768	1
154	454377544	824140	149256	3
155	457377080	973404	163592	3
156	460375296	940156	94232	1
157	463373616	774036	250248	2
158	466389544	806796	203272	3
159	469387816	590796	237344	1
160	472386032	874260	173584	2
161	475368216	424428	203920	2
162	478383240	907508	179608	1
163	481382656	574164	191368	1
164	484364424	690900	151304	1
165	487379016	425028	233480	3
166	490362648	605972	216200	3
167	493360920	939916	14600	2
168	496359436	590912	217992	1
169	499374216	957260	196360	3
170	502356760	990036	215176	3
171	505372200	690300	201992	2
172	508354696	823176	375948	3
173	511351760	441892	231200	2
174	514350456	858116	218008	3
175	517366432	840892	217608	2
176	520348264	707644	217352	1
177	523363824	457548	167944	1
178	526362760	741012	209416	2
179	529377592	574652	208928	3
180	532359784	507548	214032	1
181	535342272	707408	202508	2
182	538340848	940876	130440	2
183	541355744	923772	203912	2
184	544337872	641028	208648	1
185	547336204	974488	212104	1
186	550334840	541036	264584	3
187	553333772	790776	183440	3
188	556348912	658132	187144	1
189	559348264	940036	108552	2
190	562347200	823540	200840	1
191	565345168	491164	162056	1
192	568343864	941244	218400	3
193	571342440	774148	231688	3
194	574341256	540796	208400	3
195	577340064	457796	220168	3
196	580338824	757276	162312	1
197	583320944	473940	413960	3
198	586336024	574412	170376	2
199	589318272	773668	191752	2
200	0	0	0	1
201	595332640	940284	231944	2
202	598313928	974620	207112	3
203	601329856	857156	157072	3
2	57544696	990044	204040	1
3	60542856	757172	243720	1
4	63541864	940156	343048	3
5	66556992	673804	206344	2
6	69538648	923892	233608	1
	72570112	458148	237576	2
8	75536264	707300	201608	1
9	78534968	824148	180616	2
10	81533424	640908	206872	2
11	84549040	507308	216584	2
12	87547976	540436	204552	2
13	90529320	640788	176264	1
14	93527656	857996	201120	3
15	0	0	0	3
16	99543184	639692	215560	1
17	102541448	439716	191368	2
18	105521944	958348	251656	1
19	108539136	690180	149392	1
20	111537288	640540	159240	1
21	114536272	723436	183176	3
22	117534732	856792	27528	1
23	120533128	623676	190728	2
24	123532000	790052	180496	1
25	126513696	957156	162064	1
26	129529144	740540	252192	2
27	132527600	607412	240392	2
28	135526776	906904	169356	2
640	723556	224648	1
30	141523560	523932	257808	2
31	144522792	973412	219656	3
32	147521480	706572	181384	2
33	0	0	0	1
34	153502344	440340	214408	1
35	156517208	591032	223756	2
36	159515660	907024	171528	3
37	162497784	691028	217864	2
38	165512744	807644	175120	1
244360	3
40	171510616	540316	209440	1
41	174492928	790532	230288	1
42	177504268	677892	160012	1
43	180490008	457316	235800	3
44	183505808	823548	161416	1
45	186487820	523568	237704	2
46	189502600	740532	170888	2
47	192484544	957388	48520	3
48	195500224	590428	187272	1
49	198498680	774028	171792	2
50	201497672	440924	239240	3
51	204495464	205644	563464	2
52	207495180	973528	327560	3
53	210493696	407068	204040	3
54	213492384	590192	139404	1
55	216490176	924496	18828	1
56	219489536	990388	47112	1
57	222489072	906300	159368	2
58	225487104	607412	218760	2
59	228468748	857392	99336	3
60	231467020	724872	165256	2
61	234466316	473336	195856	2
62	237482048	806564	27656	2
63	240480808	790292	136456	2
64	243479504	990148	237064	2
65	246477408	541284	216968	1
66	249476288	890764	122760	1
67	252491184	541404	200584	1
68	255473800	523924	167688	2
69	258472192	424180	113824	1
70	261470936	690668	170888	3
71	264469640	707284	234888	1
72	267468328	957028	208648	1
73	270450336	640428	227080	1
74	273466080	757164	209928	2
75	276464652	222752	395144	2
76	279463648	956540	46856	2
77	282445472	440444	208904	2
78	285443984	689940	151176	2
88441536	808244	173984	3
80	291458480	740180	222352	2
81	294439648	741020	22424	1
82	297455872	989908	250376	3
83	300470344	641028	178824	1
84	303435912	757884	188688	2
85	306452184	656332	39048	3
86	309450400	506948	222984	2
87	312449160	623676	88328	2
88	315447672	790412	218512	2
89	318446424	790532	204936	2
90	321445176	440204	352136	1
91	324443568	507308	233352	1
92	327442568	423332	448648	3
93	330440716	590792	255496	3
94	333439352	740412	204296	2
95	336438464	556940	178696	2
96	339436496	874260	46728	2
97	342434952	673796	202120	2
98	345434056	490692	229384	2
99	348432576	740900	199048	2
100	351431272	907748	33288	3
101	354429720	457916	210056	2
102	357428360	857868	225160	2
103	360427776	923772	169624	2
104	363425864	990996	196488	1
105	366425160	440204	251912	3
106	369423128	941124	155016	2
107	372422416	940532	181136	1
108	375420940	706928	173592	3
109	378403008	907388	161032	1
110	381418508	956784	46360	1
111	384417264	523324	201480	2
112	387432400	423580	178824	3
113	390414408	707164	51080	1
114	393413644	856552	170784	2
115	396411672	407316	240904	1
116	399410128	657412	94984	2
117	402409784	789812	31752	2
118	405407632	474420	229640	3
119	408407052	523328	190472	2
120	0	0	0	2
121	414404496	939436	264456	2
122	417402352	557300	224392	1
123	420401584	889804	214936	1
124	423400040	640300	254600	1
125	426398424	440452	224648	1
126	0	0	0	1
127	432413128	840020	257544	2
128	435394872	889924	207768	2
129	438393384	657172	159880	2
130	441392560	539956	222984	1
131	444390656	740412	172040	2
132	447389464	1006660	97928	2
490324	232200	2
134	453403416	940156	175752	3
135	456385360	623932	180104	1
136	459383944	757516	198280	2
137	462382744	807044	173192	2
138	465381144	474060	225032	2
139	468380080	540556	220936	3
140	471378656	690660	166664	2
141	474377768	523572	192648	3
142	477376224	640428	171656	3
143	480391304	557300	455960	2
144	483373720	590684	216608	3
145	0	0	0	1
146	489371448	639676	354464	3
147	492369560	540324	223496	1
148	495368144	590912	426892	2
149	498366296	557420	286728	3
150	501380408	858964	233352	2
151	504363320	591996	215944	2
152	507362560	490676	205704	1
153	0	0	0	1
154	513360908	673192	233096	3
155	516375024	758124	13192	2
156	519357576	890276	176648	2
157	522356208	773540	147592	2
158	525370920	508392	167180	1
159	528370280	940516	166280	3
160	531368488	840892	105480	1
161	534367608	490676	218120	1
162	537366000	423820	202520	1
163	540348064	474420	201096	1
164	543347000	873900	180104	2
165	546345576	523688	181644	2
166	549344504	523932	192136	3
167	552359576	490932	191112	2
168	555358220	840528	123144	2
169	558352936	611996	218888	3
170	561355128	908108	198664	2
171	564354424	640664	200332	3
172	567336248	607540	169352	3
173	570335368	623316	143240	2
174	573350080	490684	165528	1
175	576332632	857148	357384	3
176	579331384	840652	176272	1
177	582329840	424180	220040	1
178	585328232	657652	188040	3
179	588327528	857388	121480	3
180	591342656	740548	64272	3
181	594324248	458156	148744	3
182	597323728	657052	148616	2
4172	189320	2
184	603337256	607660	188168	3
185	606319328	840524	257544	3
186	609334648	790652	110880	2
187	0	0	0	1
188	615315904	989776	177164	1
189	618330424	490804	242312	3
190	621345680	607780	179592	1
191	624327692	940880	179976	1
192	627310480	823180	271240	2
193	630325136	440812	207128	3
194	633307864	556708	207128	2
195	636321672	408052	277656	3
196	639304896	873660	149400	3
197	642320336	723668	240904	1
198	645318968	540676	439048	1
199	648316640	774628	19080	3
200	651315936	424300	200840	2
201	654315112	990148	161544	3
202	657313200	524652	227592	1
1	1559928	424780	234120	3
2	4558560	457548	270600	2
3	7556712	608020	200088	3
4	10555648	557660	194952	1
5	0	0	0	2
6	16570608	656932	214664	2
7	19567808	558508	197384	1
8	22550600	707404	175496	3
9	25565736	724156	213640	1
10	28548048	474540	170520	1
11	31545840	791972	60424	2
12	34545304	624292	349576	3
13	37560392	608020	221064	2
14	40559208	1007380	144408	3
15	43541640	740652	257416	3
16	46540448	640548	215176	2
17	49555456	524420	205712	3
18	52553256	874984	181132	2
19	55536472	756920	222220	2
20	58550824	974252	205832	2
21	61549512	724764	328840	1
22	64532008	957388	166304	2
23	67530400	524172	280072	2
24	70529216	1007380	48264	2
25	73544168	875108	251912	2
26	76526728	673672	227724	1
27	79541504	774508	118920	1
28	82523688	924260	194568	1
29	85521960	558148	205320	3
30	88521560	940756	147848	1
31	91536576	790892	222728	3
32	94535152	857388	176904	2
33	97517280	940996	192008	3
34	100515852	924136	177184	2
35	103514720	540924	260360	2
36	106529504	641268	181000	2
37	109528200	857628	201480	1
38	112526648	874740	176008	3
39	115526128	707524	199432	2
40	118507592	724876	165384	2
41	121523688	923420	100880	2
42	124522384	790292	220552	1
43	127520600	674156	205192	3
44	130519232	707652	168720	1
45	133517688	957260	73224	1
46	136516984	673916	234784	3
47	139498632	757640	165644	2
48	142497264	742460	242312	3
49	145495472	541524	837396	1
50	148494472	924612	176008	1
51	151509848	857272	227724	3
52	154508416	690908	262024	2
53	157490672	507548	226824	1
54	160506160	590684	208904	1
55	163504080	624404	199048	1
56	166486028	858240	59272	1
57	169502312	923772	184968	2
58	172484016	624164	170376	3
59	175498792	407916	212104	1
60	178497488	907988	111112	2
61	181495820	575008	15624	2
62	184494696	791252	64136	2
63	187493328	958108	178312	1
64	190475576	741140	193800	1
65	193473912	608140	203024	1
66	196489824	624292	175120	3
67	199476960	519472	185868	1
90908	111624	3
69	205468624	841612	99720	3
70	208484064	841972	20104	3
71	211483120	741380	150432	2
72	214482056	524168	223116	3
73	217463336	458636	151688	2
74	220462216	758124	167328	3
75	223477832	691508	126872	2
76	226459240	491884	181128	3
77	229475160	741140	144904	1
78	232473672	724276	134680	1
79	235456040	540676	197768	3
80	238471240	807276	123528	3
81	241469936	790892	138760	3
82	244468328	824380	127112	1
83	247467080	607900	132360	3
84	250448368	775228	54024	1
85	253464344	658500	176264	3
86	0	0	0	1
87	259462376	707004	197768	2
88	262460672	657412	147216	3
89	265459424	624524	181896	2
90	268456848	991844	20128	3
91	271456268	724752	118664	3
92	274455024	657652	44680	2
93	277454200	790892	78216	2
94	280452232	791252	14856	3
95	283451224	507548	215456	1
96	286449552	491524	175240	2
97	289448728	874020	71816	3
98	292446220	625728	151304	1
99	295445216	674996	178184	2
100	298444688	490684	193928	3
101	301442536	474664	119820	1
102	304441296	658372	60680	2
103	307439872	524772	102920	1
104	310422000	541636	128136	3
105	313437616	758368	56844	3
106	316436128	824868	81928	2
107	0	0	0	2
108	322433928	874028	186120	2
109	325432512	424420	318088	3
110	328431264	457436	158360	1
111	331429656	857876	72584	1
112	334428592	590916	172320	1
113	337427344	907756	20760	2
114	340426040	740420	186264	2
115	343424616	657652	365064	3
116	346423064	774148	71304	2
117	349405560	424300	199560	3
118	352420336	708004	50056	2
119	355419024	674404	130592	2
120	0	0	0	2
121	361416992	807420	184072	2
122	364415352	641148	199072	1
123	367414224	1023644	207624	3
124	370413040	657052	184712	3
125	373411488	506948	203272	1
126	376409760	657776	175372	1
127	379408640	524292	204048	1
128	382407032	940756	165256	2
129	385405904	924132	194056	2
130	388404236	741016	126088	2
131	391403112	890884	131336	1
132	394417704	408404	221720	2
133	397400560	957380	132744	1
134	400398408	458636	212744	3
135	403397824	874500	11016	1
136	406396760	690660	199304	2
137	409394672	791252	17672	2
138	412394136	407444	247304	3
139	0	0	0	3
140	418391328	657908	170888	3
141	421389984	640668	189960	2
142	424388800	573444	177928	3
143	427387496	640668	160656	1
144	430386008	956900	51592	3
145	433384520	957508	49160	2
146	436383632	823788	121496	3
147	439381904	774396	39688	3
148	442380360	524652	212104	2
149	445379112	541036	162312	1
150	448377688	424540	228232	1
151	451376440	491284	202504	1
152	454374412	475984	201224	1
153	457373888	474540	216712	2
154	460373064	407076	260488	3
155	463371640	574044	150408	1
156	466386896	740172	144648	1
157	469368904	707772	163856	2
158	472367116	723912	141704	1
159	475365624	458396	214920	1
160	478380824	441412	136712	1
161	481363496	440808	168716	3
162	484361648	458156	212232	3
163	487360524	740896	85896	3
164	490358796	624644	191244	2
165	493357432	557900	203528	3
166	496355944	724756	231448	3
167	499371624	924252	251656	2
168	502371040	523932	192920	2
169	505352328	641028	207112	1
170	508367760	574292	210184	1
171	511349288	691268	246152	3
172	514348408	457908	364808	3
173	517347216	840772	186120	1
174	520345792	674276	193928	1
175	523344544	840532	97184	3
176	526359432	957636	32392	2
177	529358680	574164	228360	3
178	532340328	474536	218252	3
179	535338840	1008100	23816	3
180	538354096	508268	321416	3
181	541336408	441044	249992	1
182	544335224	957500	109320	1
183	547350600	474420	197016	2
184	0	0	0	1
185	553331600	473340	246792	3
186	556329392	790892	155912	1
187	559345192	424300	220680	1
188	562327200	824148	193312	1
189	565342344	708004	192264	2
190	568324528	707772	38280	3
191	571322560	991476	182664	3
192	574338240	691148	183560	1
193	577336872	791380	329752	3
194	580335448	591516	123168	2
195	583333960	657892	142600	1
196	586316208	408284	223624	2
197	589314904	841012	160136	3
198	592330584	524532	192776	3
199	595312528	474300	209160	2
200	598327728	657532	219784	1
201	601309616	690908	194952	3
2	8458040	490772	225032	3
3	11456152	924748	161032	1
4	14455040	857872	337804	2
5	17453792	873900	166024	2
6	20468992	924252	136200	1
7	23467440	774628	141064	3
8	26449208	558388	206216	3
9	29464952	857628	144776	1
10	32463824	857636	114720	2
11	35462336	624644	201352	2
12	38460488	658132	166408	3
13	41459848	440924	201864	2
14	44458240	541516	174472	2
15	47456872	424900	207112	3
16	50456216	423588	182024	2
17	53454440	974004	29320	1
18	56452768	824868	224520	3
19	59435320	741140	180488	2
20	62450216	408040	186508	2
21	65432344	474540	200328	3
22	68447784	690788	197256	2
23	71446056	674644	158872	2
24	74428488	524172	318728	1
25	77426336	442012	183432	3
26	80425264	675132	170632	3
27	0	0	0	3
28	86440384	506812	251672	3
29	89438880	1007020	250120	1
30	92419808	625004	157448	1
31	95435848	658012	171400	1
32	98434424	974244	83336	1
33	101432936	824500	196232	1
34	104431688	757524	108424	3
35	107430560	591156	199688	3
36	110429256	924372	178440	1
37	113427648	724036	191376	1
38	116426344	957620	213640	3
39	119425400	490676	180232	1
40	122406560	791740	163848	2
41	125422064	458028	189320	3
42	128421480	523932	176784	1
43	131419448	924376	220812	2
44	134417840	907996	110984	2
45	137400032	624884	167048	2
46	140398728	441764	234504	3
47	143414528	807636	96904	2
48	146412920	707284	216072	3
49	149394624	908112	4748	1
50	152410424	674396	182664	3
51	155409056	591636	179848	3
52	158407692	508032	182792	2
53	161405896	942092	41352	3
54	164404776	691868	156680	2
55	167403472	441284	195976	2
56	170401928	491524	216328	3
57	173401152	991364	92808	1
58	176400152	624164	255368	2
59	179398008	824620	185736	3
60	182380192	491644	208520	1
61	185379072	541396	189448	1
62	188394264	624524	195720	2
63	191393440	458036	204296	3
64	194390984	592004	159624	1
65	197406732	574768	230920	3
66	200389040	791620	214688	2
67	203388280	640788	245896	3
68	206386672	540916	185736	1
69	209384944	807876	198408	2
70	212383936	841012	60960	1
71	215382752	824500	124936	1
72	218381024	991236	200584	2
73	0	0	0	3
74	224379168	723636	225672	3
75	227376800	524900	213776	1
76	230374776	874980	158600	1
77	233374552	774628	192392	2
78	236373304	724276	179720	3
79	239372300	707288	127880	1
80	242386776	675244	179856	1
81	245369504	205892	489224	2
82	248368624	590428	147976	3
83	251367136	890764	61704	2
84	254364928	524892	180232	3
85	257363680	824868	98832	1
86	260362912	890764	119816	2
87	263361608	740780	138016	1
88	266360304	574044	205832	3
89	269358632	641756	135568	1
90	272357200	541284	157960	2
91	275356200	222756	629640	1
92	278354656	1007380	153760	1
93	281353104	525020	174600	1
94	284351920	924132	163336	1
95	287350664	441540	180488	2
96	290349192	424420	189192	1
97	293348000	524532	166536	1
98	0	0	0	3
99	299362576	524032	226060	2
100	302344264	623924	218776	3
101	305342600	974124	166792	2
102	308341352	990756	166920	2
103	311339264	792092	155656	3
104	314339040	690900	351880	2
105	317353996	724032	157448	1
106	320335584	223716	680328	1
107	323334880	757524	167456	1
108	326349960	574884	186760	2
109	329332504	674644	207368	3
110	332331200	974252	195208	1
111	335346328	940772	189976	2
112	338328288	974492	41880	2
113	341326496	774512	216460	3
114	344342360	524052	191880	1
115	347324008	558020	227720	3
116	350322824	657288	174220	1
117	353338380	857392	131464	1
118	356320328	757404	176776	3
119	359318960	674276	197128	3
120	362317584	1007388	188552	3
121	365332976	974124	23944	3
122	368331240	524540	215944	2
123	371313256	541156	216968	1
124	374312192	558020	240520	3
125	377311064	524652	187912	2
126	380309992	674524	138632	1
127	383324416	391892	223624	1
128	386307256	907156	27656	3
129	389322104	624644	186136	2
130	392304168	907752	157196	1
131	395303216	741028	190600	1
132	398317704	608260	167944	2
133	401300368	473940	186376	2
134	404315808	990396	123144	1
135	407314624	490684	251416	1
136	410296576	957860	261128	3
137	413311712	441044	203656	3
138	416292876	858720	206472	3
139	419308912	674284	173832	3
140	422290744	458036	221576	3
141	425306784	923772	211208	1
142	428288376	458148	247944	3
143	431287308	524168	169992	1
144	434285640	824628	222232	3
145	437301016	891252	152712	1
146	440282784	408284	257432	3
147	443281600	408400	203276	2
148	446280104	874748	33416	2
149	449278928	474540	367512	2
150	452294424	491164	204808	3
151	455276256	758604	205192	1
152	458275192	640908	317584	2
153	461274000	907516	188680	3
154	464289200	507908	224776	3
155	467271392	607412	196872	1
156	470286224	458036	347016	2
157	473285584	607540	180752	3
158	476266384	907996	37384	2
159	479265080	941844	174216	2
160	482281120	841012	169992	2
161	485263432	890644	226184	2
162	488261824	607780	280712	3
163	491276904	541396	188040	2
164	494276440	857028	333320	1
165	497257776	974500	210568	3
166	500256720	891124	156936	1
167	503271736	941244	268	1
168	506270672	974732	168072	2
169	509252984	540676	227992	3
170	512268000	840884	173960	2
171	515266572	940880	313864	3
172	518264784	857636	16032	1
173	521263776	441412	213256	3
174	0	0	0	1
175	527262160	923380	462600	2
176	530259736	441172	287624	3
177	533258736	407796	203016	3
178	536240560	491164	172168	3
179	539255880	858116	168584	2
180	542237768	824508	199696	1
181	545252904	825108	150920	2
182	548252024	907868	281096	1
183	551233488	775232	176780	1
184	554232600	641516	202512	2
185	557247440	792220	216840	1
560246496	908468	54408	3
187	563245068	524896	225800	1
188	566227256	457796	302104	3
189	569226496	507540	201352	3
190	572241624	957628	145928	1
191	575240376	940284	235272	1
192	578238720	907628	202632	2
193	581237288	457796	217480	2
194	584235744	774628	188552	3
195	587234920	691020	180104	3
196	590233976	824140	187784	1
197	0	0	0	2
198	596231472	473700	252808	2
199	599229872	641028	206216	1
200	602228024	824988	331144	2
201	605227072	474428	232472	2
202	608225112	857876	54792	1
6	13479052	73000	101384	1
7	13864428	5188432	520712	3
8	21543464	508148	188040	3
9	24576312	457432	111372	2
10	27552480	946420	160904	3
11	30548464	699936	223756	2
12	0	0	0	2
13	33531860	964848	162696	1
14	36553256	858476	193160	3
15	0	0	0	3
16	42551464	891092	187416	3
17	45532896	824988	230296	3
18	48530744	642836	203144	1
19	51530104	575004	205576	2
20	54528136	825588	180248	1
21	57527488	924860	218520	2
22	60525216	759092	233864	3
23	63540720	709212	190344	2
24	66537240	511284	165000	2
25	69530144	820060	147864	1
26	71937760	1174832	205708	3
27	75535312	576332	185992	2
28	78534488	659100	205856	3
29	81515472	1010268	225032	2
30	84530488	493932	230792	3
31	87530024	642596	200328	1
32	90529200	558628	245640	3
33	93527052	559592	179872	1
34	96525688	742940	204296	2
35	99524136	610916	204808	2
36	102522288	527548	172168	1
37	105520560	811492	187016	2
38	108518656	562116	374792	1
39	111516320	662836	216072	3
40	114501520	875948	206600	2
13648	513212	197000	2
42	120494272	431772	162696	2
43	123492848	763548	18824	2
44	126497024	674996	198920	2
45	127594024	2762036	112264	3
46	0	0	0	3
47	130761836	2544120	126088	2
48	133617976	2800708	138392	2
49	0	0	0	2
50	139259852	61808	113928	2
51	139541456	2561088	200716	2
52	144505868	958712	83092	1
53	147496368	1002924	193288	2
54	150503304	758140	205200	1
55	153518264	541528	244108	2
56	156500216	792220	160648	1
57	158818972	1172552	310540	3
58	162480008	492860	199176	1
59	165496000	709092	238216	3
60	168494816	675364	291728	3
61	171493512	959068	297224	1
62	174475936	525020	202264	3
63	177491080	608620	52128	3
64	180489888	691748	140424	1
65	183487984	925700	237216	2
66	186477944	507668	223372	3
67	189485728	875108	102672	2
68	192484776	725004	125192	2
69	195466312	458636	257288	3
70	198481272	842212	172552	1
71	201497792	924740	156048	2
72	204479744	958100	148616	1
73	207477832	891604	140040	2
74	210477488	957508	176800	1
20	3
76	216474272	407920	215820	2
77	219455984	791732	113416	2
78	222470816	741744	156684	1
79	225470112	707892	181128	1
80	228468328	692228	53128	1
81	231450880	442004	217992	1
82	234465592	792700	82696	3
83	237464344	492732	246792	3
84	240463520	458996	171272	2
85	243461856	975212	175240	1
86	246477416	941480	159500	2
87	249459664	957748	182416	3
88	252458776	674284	190352	2
89	255457656	774148	184472	2
90	258438752	857764	203920	1
91	261454440	708492	171040	3
92	264453064	874748	29708	3
93	267451464	741860	170760	1
94	270450160	492244	216840	1
95	273448792	758604	215304	1
96	276447904	591396	223496	2
97	279445936	575732	194184	3
98	282445176	591756	221968	2
99	285443144	875464	144396	3
100	288441840	475500	177928	1
101	291440896	474896	860940	3
102	294455912	842092	359944	2
103	297454848	941840	56460	2
104	300436552	959068	1036	2
105	303435000	458764	220176	2
106	306433640	542844	206088	1
107	309432272	475740	181896	2
108	312431568	924860	132232	1
109	315429840	825588	174728	2
110	316622984	2368812	166152	1
111	0	0	0	1
112	322560040	2453356	194568	2
113	327417868	785112	208776	3
114	330423672	541756	285576	1
115	333420976	809812	282512	2
116	336420632	608748	269584	2
117	339419992	707768	203276	1
118	342418376	558756	272648	2
119	345417080	891964	211976	3
120	348415832	541756	246280	3
121	351431320	891256	160268	3
122	354413448	424916	249224	1
123	357411852	558504	390792	2
124	360411024	574772	201608	2
125	363409544	674876	53000	3
126	366407936	808596	168712	3
127	369406808	741020	84512	1
128	372405384	758724	106120	1
129	375404072	758612	167832	3
130	378402048	508508	226440	2
131	381401400	857996	200712	3
132	384399496	475740	226696	3
133	387415528	874988	195464	2
134	390397664	674636	394376	3
135	393395456	708852	178464	2
136	396394448	508388	177672	1
137	399410248	774628	189320	3
138	402392016	674636	214920	3
139	405390592	658852	191368	1
140	408389344	741500	174344	2
141	411404664	908588	138632	1
142	414386672	641988	190600	2
143	417385608	724628	95368	2
144	420384056	891972	102552	1
145	423382752	757884	195976	1
146	426398008	791860	177160	2
147	429380136	891612	181392	1
148	432395520	475260	409752	3
149	435394448	441652	196872	1
150	438376400	957868	159128	3
151	441374856	941716	111496	2
152	444373728	808484	171024	3
153	0	0	0	1
154	447966300	5844976	167944	3
155	0	0	0	2
156	459368336	723796	225544	3
157	462365952	708612	163344	2
158	464361236	1797312	67592	2
159	468363696	691268	174240	3
160	0	0	0	1
161	474378432	956900	182280	3
162	477359656	424908	280992	2
163	480358896	840524	161800	1
164	483373728	508028	245896	2
165	486356280	707652	211480	3
166	489355032	623804	194696	2
167	492369632	525012	227336	1
168	495368808	624404	206616	3
169	498366656	658256	119436	1
170	501365896	924252	163592	1
171	504364344	724516	186376	2
172	507347256	823660	163080	3
173	510345768	490444	205728	3
174	513343920	724036	135712	3
175	516342192	607900	207624	1
176	519341792	740900	156688	2
177	522339824	607900	139528	2
178	525338760	474052	198920	2
179	528336968	707892	167064	3
180	531352832	773780	187144	2
181	534351704	623924	160904	2
182	537350336	590916	147088	3
183	540348184	858484	33288	3
184	543346880	458396	223112	1
185	546329432	941484	312080	2
186	549344928	607420	198920	2
187	552327360	640788	183048	3
188	555342256	757404	144648	2
189	558324264	807884	152480	2
190	561339160	741500	148872	2
191	564338520	940276	23816	1
192	567320344	474660	224392	2
193	570335728	557060	229408	2
194	573332616	676084	192408	2
195	576333112	857036	48912	1
196	579331864	940404	185480	1
197	582313996	957264	157960	3
198	585329072	624284	208520	1
199	588327648	407436	252936	2
200	591309176	974732	337552	3
201	594325456	757644	153096	1
202	597324144	524060	203528	1
203	600322664	591148	126600	3
204	603321592	557548	173320	3
205	606320160	523820	206728	2
206	609318864	690540	157192	3
207	612299848	741260	152840	3
1	13523252	829808	185992
2	16427560	658020	243464	2
3	19442700	757764	164364	1
4	22424288	491884	407048	2
5	25422800	774988	314760	3
6	28438540	475016	196360	3
7	31420304	974732	161416	2
8	34418336	542004	168328	1
9	37415824	460084	212744	2
10	40412536	928828	94984	1
11	43413880	659220	250888	3
12	46411184	811372	173448	2
13	49408072	779812	175496	1
14	52407128	679460	258072	2
15	55407688	860164	200200	3
16	58423488	426468	185480	1
17	61422968	425260	337160	1
18	64405392	608508	202888	1
19	67420896	925100	60040	2
20	70419224	958588	319368	3
21	73419128	524052	303752	2
22	76400528	775236	211720	3
23	79399288	957740	186888	3
24	82415504	956908	148120	3
25	85397392	923652	111112	2
26	88412416	557540	188424	2
27	91394720	640428	182280	2
28	94393176	790172	74912	1
29	97391808	891244	222984	1
30	100407608	690300	237064	3
31	103405400	891244	203912	3
32	106405176	456468	201736	1
33	109403752	590188	229640	3
34	112385280	906780	166280	1
35	115400776	940636	201864	2
36	118382480	840412	179592	1
37	121397984	407676	228104	2
38	124380656	723308	152456	1
39	127378144	824260	213000	3
40	130393760	491044	199560	1
41	133392456	474180	190216	2
42	136374944	806676	180104	1
43	139390088	723788	159752	1
44	142388480	457788	187912	1
45	145387168	657776	50956	1
46	0	0	0	2
47	151384908	907040	228104	3
48	154366988	724032	181768	2
49	157365560	774148	184200	2
50	160380576	690668	215688	2
51	163379512	657172	300808	3
52	0	0	0	2
53	169377376	457076	351752	3
54	172358904	824028	205576	1
55	175357600	673796	209032	3
56	178356112	640668	177800	3
57	181371616	674516	205704	3
58	184353680	824028	212744	2
59	187369064	590548	252424	2
60	190367880	640540	187400	2
61	193366568	873420	149920	2
62	196347916	657656	207248	3
63	199346600	974380	174472	2
64	202362352	457068	244616	2
65	205344296	824028	182288	1
66	208342928	757524	203784	2
67	211358732	756920	200456	2
68	214356880	823788	119192	2
69	217355696	907268	85768	1
70	220353548	841608	187272	3
71	223353088	773904	228492	2
72	226351176	907628	189576	3
73	229333368	924012	60936	3
74	232332176	824148	192392	3
75	235330208	441412	227592	2
76	238363000	607772	185224	2
77	241344824	857276	160160	1
78	244344000	490196	303496	3
79	247340944	925220	181384	3
80	250340728	991116	204816	3
81	253339600	791012	166024	1
82	256338352	607780	166280	2
83	259337104	840892	153352	3
84	262336224	590068	170248	2
85	265334856	456948	214280	3
86	0	0	0	1
87	271333520	822804	368520	1
88	274315400	422372	237832	1
89	277329632	707404	108040	2
90	280327896	424068	248840	3
91	283326840	523804	221576	1
92	286324872	206728	585100	1
93	289307352	774036	223240	3
94	292322256	808244	237584	2
95	295321368	540796	248072	2
96	298320368	205524	734344	3
97	301318936	607300	236424	2
98	304317512	790292	166152	1
99	307315784	824508	312848	2
100	310313816	558264	220172	3
101	313314016	439844	231568	1
102	316312224	440688	254476	2
103	319310976	873660	215048	3
104	322309432	840408	216972	2
2	172304	1
106	328306216	574892	234888	1
107	331321720	691020	161544	3
108	334304512	989908	49160	2
109	0	0	0	1
110	340302376	857036	248096	3
111	0	0	0	3
112	346299320	773508	224648	3
113	349298040	474052	315016	2
114	352296728	423700	256648	2
115	355294704	691020	158344	1
116	0	0	0	2
117	361292552	590324	226968	2
118	364291144	573804	231816	2
119	367289480	441164	208136	2
120	370288232	773668	197128	2
121	373287096	590316	182280	1
122	376286160	606932	182664	2
123	379284976	490796	203784	2
124	382283608	490436	182408	3
125	385282184	923772	163216	1
126	388281104	457204	183952	1
127	391280288	789572	196616	2
128	394278744	956660	225544	3
129	397276952	657052	213640	1
130	400275832	657048	201484	2
131	403273864	774388	335640	2
132	406274720	705604	175496	2
133	409272448	606820	184200	2
134	412271144	872936	151308	2
135	415270200	955940	131592	3
136	418268464	473700	309896	1
137	421283840	922812	179848	3
138	424265800	639820	204424	1
139	427264488	806684	147984	3
140	430262528	640300	151560	1
141	433261580	706808	157072	3
142	436260144	923300	6664	2
143	439258784	740180	198048	3
144	442257120	440564	205704	2
145	445255632	990272	145292	1
146	448254448	757764	212000	3
147	0	0	0	2
148	454252304	439852	306696	3
149	457251248	639708	295048	3
150	460249584	590308	231432	1
151	463247912	457556	241432	3
152	466247448	606092	214920	2
153	469262408	540196	374024	2
154	472244536	456588	209160	2
155	475243472	806436	165280	2
156	478241680	523452	197512	1
157	481256336	690788	200352	2
158	484238528	757164	141832	1
159	487254272	606812	300296	3
160	490252544	723548	162056	1
161	493251352	573564	412040	3
162	496233304	890284	134032	2
163	499232904	688972	219272	2
164	502231232	939316	170144	3
165	505229856	589956	215688	3
166	508228620	689576	213896	3
167	511227136	606692	201608	2
168	514226008	673076	214664	3
169	517241208	506580	227208	3
170	520223152	706684	178440	2
171	523221968	906428	218120	2
172	526220600	589948	559112	2
173	529219416	956300	199304	1
174	532217920	939804	184968	2
175	535216072	607180	200584	1
176	538215376	856188	195848	1
177	541229672	524532	257800	3
178	544212344	807036	150048	1
179	547227840	473692	220424	1
180	550210328	489964	291216	3
181	0	0	0	1
182	556207808	939044	206984	2
183	559222136	457068	235016	3
184	562221192	906900	195592	1
185	565219584	723428	201224	3
7832	3
187	571216908	407192	235272	3
188	574215840	623444	197920	2
189	577198152	939676	77576	1
190	580212448	674516	198408	1
191	583195360	773424	237324	2
192	586194056	573196	264840	3
193	589209184	740060	148616	1
194	592190352	873900	220808	3
195	595189896	890156	229000	1
196	598188104	840648	249228	3
197	601186736	990636	177160	3
604201872	474180	237192	3
199	607184544	606576	204172	2
200	610200048	906660	205576	3
201	613198680	790412	157704	1
202	616197132	673796	160140	2
4	65630560	556780	198152	1
5	0	0	0	1
6	68629576	806676	207368	3
7	71644776	573564	247048	1
8	74627504	605852	235272	3
9	77659148	572840	379912	3
10	80623800	506712	162956	1
11	83638284	541040	178328	1
12	86638240	922932	147208	1
13	89619832	791012	234376	3
14	92618224	607052	220040	1
15	95616376	541276	188040	1
16	98615184	791020	189976	3
17	101630988	690784	194056	2
18	104630344	989788	186632	2
19	107611512	757400	250252	2
20	110611040	539716	314376	3
21	113609496	440084	225032	2
22	116624272	990156	389768	3
23	0	0	0	3
24	119622184	840892	233224	1
25	122603712	591396	206088	2
26	125619816	457548	225928	3
27	128618508	857392	136456	2
28	131616360	624764	193032	3
134598184	525140	191000	2
30	137614472	973284	196360	3
31	140612256	525140	231840	1
32	143593608	575732	199704	3
33	146610488	640908	174088	2
34	149608880	674764	112024	1
35	152607272	541036	199688	2
36	155589224	941236	119944	3
37	158604832	624292	175368	1
38	161620280	690780	177544	2
39	164585360	791140	201632	2
40	167600440	741260	175496	3
41	170599616	607420	168344	2
42	173598552	823780	149384	1
43	176580080	657412	164640	1
44	0	0	0	3
45	182577808	657188	253320	3
46	185593264	790412	168584	1
47	188574608	657780	210320	3
48	191572872	941612	232456	2
49	194589768	873540	151432	1
50	197586956	206852	931340	2
51	200586912	623684	303752	2
52	203585248	923892	201992	1
53	206583820	723912	221064	1
54	209565224	441532	271880	1
55	212581208	740780	184848	3
56	215579416	807160	192268	1
57	218578176	624644	196368	3
58	221577528	974012	120736	1
59	224559296	507188	229024	3
60	227574672	557548	233368	2
61	230556928	924252	172296	1
62	233571216	841372	259848	3
63	236570216	974732	173216	3
64	239552216	475028	335112	1
65	242567960	707652	154760	2
66	245566416	774268	165512	1
67	248565048	624404	162568	2
68	251564344	773548	159368	1
69	254562616	507788	246152	3
70	257561424	674164	180104	2
71	260559584	408276	230536	1
72	263575024	774628	144648	1
73	266556968	907628	143368	3
74	269556088	424420	229384	3
75	272537612	658496	223752	3
76	275553472	524172	146952	1
77	278535304	741012	216456	3
78	281533632	858116	249992	2
79	284548888	991116	193544	1
80	287531680	807280	219660	3
81	290530376	424060	224776	3
82	293528588	424904	177672	3
83	296544088	424060	223624	2
84	299525976	574524	188808	3
85	302541232	457556	197904	2
86	0	0	0	3
87	308539128	507284	229640	1
88	311537256	441524	230152	1
89	314535948	1008104	188576	2
90	317517776	541396	415368	3
91	320533152	691748	191496	3
92	323514984	591996	191368	2
93	326531024	1007380	174216	3
94	329529480	807276	153760	3
95	332528040	491052	155016	1
96	335526144	858476	189320	3
97	338526280	756556	295688	1
98	341524008	407916	366728	3
99	344523248	940756	245256	3
100	347521760	891004	202760	1
101	350520456	857268	195336	1
102	353518968	591388	195080	1
103	356500848	940884	160264	3
104	359516104	974380	203808	3
105	362497880	625004	229128	1
106	365513920	707532	178184	2
107	368529120	674276	176904	2
108	371510888	1007860	185096	2
109	374508968	858364	244360	3
110	377507912	524772	239240	2
111	380507024	924260	180640	1
112	383505176	991844	280856	2
113	384980692	2048136	355464	2
114	387514012	2413280	259864	3
115	392501984	507788	182792	1
116	395500016	724876	173080	3
117	398498888	541036	197768	3
118	401498124	940160	156040	1
119	404495856	625364	241800	3
120	407495632	773428	210320	2
121	410510888	790772	160264	1
122	413492600	841124	175624	3
123	416491472	708132	220576	3
124	419490048	824380	142984	3
125	422488736	574172	194968	2
126	425487736	940636	163848	3
127	428486424	940644	172056	1
128	431501504	624404	176648	3
129	434482792	758244	154632	1
130	437481544	825108	166408	1
131	440480296	657896	256908	2
132	443479176	807756	145544	2
133	446477744	824628	204424	2
134	449493536	907396	71560	1
135	452475672	824868	174728	1
136	455474064	591036	253832	1
137	458473000	773788	208392	2
138	461472048	641036	207624	2
139	464470208	874020	175368	3
140	467469200	624044	252168	2
141	470467536	524412	298120	2
142	473466408	574052	240648	1
143	476465040	440932	230816	2
144	479497104	707532	130440	2
145	482462368	840652	136456	2
146	485461128	857748	246664	1
147	488459760	457788	251528	3
148	491458752	624404	172680	2
149	494456896	874388	199688	2
150	497489392	890764	213784	1
151	500454776	990508	163592	3
152	503453584	990276	153480	1
153	506452280	556940	276616	2
154	509466636	425264	284040	1
155	512465872	457668	321672	2
156	515447576	990876	165512	1
157	518446872	823788	216720	2
158	521445208	791132	210312	3
159	524443960	623924	241544	1
160	527442656	607412	240904	2
161	530441408	723916	244744	2
162	533456184	808004	219800	2
163	536437952	541396	377096	3
164	539453152	791732	189320	3
165	542452264	957508	114696	2
166	545451320	773908	203784	3
167	548450316	540552	268168	2
168	551432504	823420	198024	1
169	554431256	540076	322184	2
170	557429408	891732	190496	1
171	559736480	1136764	310412	1
8	184584	3
173	566424768	458036	184736	1
174	569440392	824140	210312	2
175	572422688	974380	99336	1
176	575421512	508028	251272	3
177	578419784	674760	199308	1
178	581419020	607296	256904	3
179	584434160	907988	31752	3
180	587416344	857396	206728	2
181	590431304	690780	242056	3
182	593430000	807396	183816	3
183	596428568	741380	196872	3
184	599427264	525012	236168	3
185	0	0	0	3
186	605425832	873076	322824	3
187	608423888	940636	204936	1
188	611422584	624036	226184	1
189	614404712	573684	224008	3
190	617403344	740416	186252	3
191	620402040	457428	225288	1
192	623399888	924612	199560	1
193	626399488	874012	269192	3
194	629397640	724388	231048	1
195	632396448	807524	220560	1
196	635411344	857876	268680	1
197	638410040	574652	382880	2
198	641392112	758004	204552	1
199	644407184	574532	412936	2
200	647406424	691020	244744	2
201	650388912	907388	204808	3
202	653387488	540556	316168	2
203	656386240	674276	196616	1
204	659385056	773668	252304	1
205	662399824	624532	252168	2
206	665398696	673804	211336	3
1	1682196	4086496	326432	1
2	8060040	724028	252680	2
3	11058480	1007388	339208	1
4	14057608	657044	256264	2
5	17056056	940760	225164	3
6	20054088	557780	296328	3
7	23053568	540916	253856	3
8	26051776	441652	253728	2
9	29050472	824380	206856	1
10	32032840	491284	236808	3
11	35048216	407196	245640	2
12	38047032	674276	232456	2
13	41045544	674036	206216	2
14	44044480	890284	182792	2
15	47042872	574168	199052	1
16	50041264	824388	185120	1
17	53040080	690900	198280	2
18	56039016	490796	228488	3
19	59037104	674524	204552	3
20	62052544	857876	207880	2
21	65017736	641524	357656	2
22	68033304	541404	207264	3
23	71032304	957020	86408	2
24	74030512	474900	272392	3
25	77029208	841252	213272	1
26	80027840	974852	197256	3
27	83026472	758612	206616	3
28	86024624	908356	209184	2
29	89023376	458396	281096	2
30	92022136	858716	230664	1
31	95021552	957620	201864	1
32	98020424	757404	201224	3
33	101018696	874260	215944	3
34	104017872	973764	224008	3
35	107016568	907388	194592	1
36	110014528	574540	218888	3
37	113014256	490436	225672	3
38	116012288	807876	178824	2
39	119011096	707652	219272	1
40	122009612	841248	210696	2
41	125007760	708372	232072	1
42	128007784	840524	187784	1
43	131005632	491404	211464	1
44	134004328	741140	217752	3
45	137003020	641632	207624	2
46	140001472	491644	331912	2
47	0	0	0	1
48	143936308	6984	39064	1
49	143983540	27864	118796	1
50	0	0	0	1
51	0	0	0	2
52	151990804	414688	298528	3
53	152919772	2669272	329224	2
54	156151576	2653372	172552	2
55	158982400	2655772	187912	2
56	162028732	2903472	199560	2
57	166988632	825948	228488	3
58	168253512	2242924	463240	3
59	172986560	442132	284936	2
60	175984952	825348	225672	2
61	178983584	492732	258696	2
62	179931628	2709392	242840	3
63	182887768	2752724	239752	3
64	187979368	592716	212872	1
65	190978120	459236	304520	3
66	193976504	625860	211224	2
67	196975320	909204	333448	1
68	199973360	543564	269832	3
69	202972172	842696	161672	2
70	204236512	2630476	185992	2
71	0	0	0	1
72	211961244	704416	172428	1
73	213065068	2703976	293772	3
74	0	0	0	3
75	218903136	2695180	174860	2
76	0	0	0	2
77	222019636	2708320	200328	3
78	225147312	2561812	157324	1
79	229969328	539476	182420	3
80	0	0	0	1
81	235950596	537040	213768	1
82	236896204	2691440	218888	1
83	240003444	2516512	293516	3
84	242934968	2816252	200328	2
85	246164192	2455076	205840	3
86	248835272	2932972	79756	1
87	0	0	0	1
88	252180716	2666992	142732	1
89	0	0	0	1
90	255266736	2198684	172556	1
91	257864408	2783004	172836	2
92	261042312	2702996	178700	3
93	263930832	2629396	210444	1
94	266775440	2646868	232840	1
95	269871652	2567480	247816	1
96	272837344	2800700	229644	3
97	276040840	2394956	224008	1
98	278883084	2736632	150544	2
99	282016536	2752276	184076	2
100	284974992	2662164	220044	3
101	287858624	2830116	140680	1
102	290838440	2796228	217484	3
103	293860928	2886820	206348	1
104	297143792	2609396	213516	2
105	300161696	2285212	195464	1
106	302826324	2767576	169608	1
107	305768208	3077556	175496	2
108	309223136	2517836	227208	2
109	312139728	2514588	241672	1
110	315090052	2485552	296200	3
111	317982856	2947076	230536	3
112	321319584	2282804	213772	3
113	324011260	2871060	301708	2
114	327279384	2120172	331028	1
115	329795960	3135612	140448	2
116	333327312	2067276	277512	3
117	335792680	2804076	98188	1
118	338700912	3200660	165136	1
119	342072352	2782732	236684	2
120	345253416	2424716	225672	2
121	348091880	2798900	204428	1
122	351296648	2448084	111244	2
123	353929832	2618916	175880	2
124	358903216	793668	188960	2
125	0	0	0	2
126	360058804	2855488	1044	1
127	0	0	0	1
128	0	0	0	1
129	0	0	0	1
130	0	0	0	1
131	364894036	487312	278536	2
132	367899240	1010028	166664	2
133	370897872	1027260	206472	3
134	373896984	427196	315400	1
135	376895680	460204	299912	3
136	379894072	493812	202632	1
137	380792844	3043456	165768	2
138	384004728	2846104	208780	2
139	0	0	0	2
140	0	0	0	3
141	389978728	2637100	222088	2
142	393023080	2391464	235020	3
143	395654400	2676372	240776	3
144	398749832	2762268	221704	3
145	403883376	643444	222472	1
146	406881776	427552	213772	1
147	409896432	927988	206984	2
148	411036280	2777916	172428	3
149	414226616	2429180	242056	1
150	417087076	2552896	294920	1
151	420112816	2374364	239752	3
152	422911952	2574340	348296	1
153	427882084	602720	341768	3
154	429040348	2701560	98956	1
155	432134280	2218948	316680	2
156	434766016	2546876	266648	2
157	437584488	3281020	366600	3
158	441236688	2256404	229512	2
159	445866240	842332	175880	1
160	448881072	809204	184840	1
161	451880368	792100	226440	2
162	454862136	459480	245772	1
163	457861192	575732	268680	1
164	460876632	625724	209800	1
165	463875024	991836	47880	2
166	466873840	758724	213384	1
167	469870848	510556	361480	1
168	472871288	524892	249224	1
169	0	0	0	1
170	478869256	674772	255880	1
171	481850380	658616	204552	1
172	484849192	942444	199944	3
173	487864696	525492	284936	3
174	490846640	591996	259080	1
175	493861776	675484	212872	1
176	496843488	576092	226824	2
177	499842664	508268	305160	3
178	502841112	475748	248728	2
179	505840112	858476	231048	3
180	508838680	575980	179856	1
181	511870744	459124	243720	2
182	514852936	575372	227592	2
183	517834764	475624	235168	3
184	520850080	908596	175240	1
185	523865824	641508	197896	2
186	526847232	575492	170512	2
187	529829360	675236	206088	1
188	532844856	492372	233096	2
189	535826444	559352	213520	2
190	538842064	442132	275592	2
191	541840816	641756	183176	2
192	544822944	575252	416136	2
193	547837840	1008948	183048	1
194	550837136	908116	211848	3
195	553835532	758848	180232	1
196	556833864	925940	182536	3
197	559816176	675604	219408	2
198	562848000	1025684	189576	3
199	565830064	925820	197768	3
200	567162108	2325568	222216	2
201	0	0	0	2
202	571827848	842060	244616	3
203	573083836	2451104	215048	1
204	0	0	0	1
205	577801472	465380	238472	2
206	578687404	2661448	217504	2
207	583822168	892088	112012	1
208	586820008	459852	302752	3
209	587596272	2882500	227720	2
210	590887644	2789504	169992	2
211	595800920	841612	204040	3
212	598815696	975812	167432	2
213	601815052	641872	247304	1
214	604796160	475860	232968	3
215	605683724	2854072	230280	3
1	0	0	0	2
2	0	0	0	2
3	276216252	2348088	272416	2
4	278963512	2934068	109196	2
5	0	0	0	3
6	0	0	0	3
7	284968676	2763472	173960	3
8	287907928	3018500	197896	1
9	291125652	2762664	202636	2
10	294101424	2668548	245640	3
11	297173248	2361828	203016	2
12	0	0	0	2
13	0	0	0	2
14	0	0	0	2
15	303305656	2560260	364808	3
16	306236568	5506332	192012	3
17	311943304	2835996	114696	3
18	314900672	2694212	228628	3
19	0	0	0	3
	233864	2
21	323647584	2892844	200328	1
22	0	0	0	1
23	328925824	713524	151176	1
24	0	0	0	1
25	331923768	698252	171912	3
26	0	0	0	3
27	0	0	0	1
28	335624380	2728424	203020	2
29	338576216	3011404	193420	2
30	341787600	2745044	172040	1
31	0	0	0	1
32	346901592	596676	186376	2
33	0	0	0	1
34	0	0	0	1
35	0	0	0	1
36	351126720	2635780	194824	3
37	0	0	0	3
38	354193196	2717680	199176	1
39	0	0	0	1
40	0	0	0	2
41	359912820	2605184	174500	3
42	362885672	2856364	34444	3
43	366003212	2653968	192524	3
44	368856032	2757924	167696	1
45	371794592	2756132	179336	1
46	374733384	2603340	213512	2
47	377695232	3020204	29836	2
48	380882712	2792876	149132	2
49	383826584	2509300	205452	1
50	386679096	9223116	179728	3
51	396263184	5107968	247564	1
52	401622528	3056804	163468	2
53	404849256	2662284	73124	1
54	0	0	0	2
55	413735852	3196544	19596	1
56	416955256	5999164	108940	2
57	0	0	0	1
58	0	0	0	1
59	0	0	0	1
60	429078036	3005408	5284	3
61	0	0	0	1
62	0	0	0	1
63	0	0	0	1
64	0	0	0	2
65	0	0	0	2
66	0	0	0	1
67	0	0	0	3
68	0	0	0	3
69	0	0	0	3
70	0	0	0	2
71	0	0	0	3
72	470642256	3115988	173832	1
73	475198228	1475656	208904	2
74	478863496	1025564	213000	3
75	0	0	0	2
76	482782416	4220	129032	2
77	484861184	425500	221960	2
78	487843008	1025692	156296	3
79	0	0	0	3
80	490858976	1024500	262792	3
81	492202056	49756	16776	3
82	492757244	1775504	171656	1
83	496855944	858852	165896	3
84	499869888	627052	182792	2
85	500716608	82292	15752	2
86	502850152	845100	122504	1
87	0	0	0	1
88	504045228	2333392	204824	1
89	506787552	2590484	205600	3
90	509586476	2722128	183320	2
91	512495128	3219952	128524	2
92	0	0	0	2
93	518826832	2818780	11784	3
94	521659816	2979492	161036	2
95	524802216	2635316	203912	1
96	527642828	14813056	202248	2
97	0	0	0	1
98	554478320	6097844	162312	2
99	0	0	0	2
100	0	0	0	2
101	0	0	0	2
102	0	0	0	2
103	0	0	0	2
104	0	0	0	2
105	0	0	0	2
106	0	0	0	2
107	0	0	0	2
108	0	0	0	2
109	568089316	1226752	194312	2
110	0	0	0	2
111	572612828	58408	62992	2
112	572736364	44196	89868	2
113	572930600	2732884	180120	1
114	575846008	24204	77460	1
115	576013144	2523740	212744	3
116	578751064	60732	61064	3
117	578924736	17645812	184584	2
118	598810880	992796	28424	2
119	601804208	1015692	191368	3
120	604809048	491404	264200	3
121	607807984	524532	208648	1
122	608758552	2639036	217864	3
123	613805480	440812	183304	2
124	616795808	799692	171016	2
125	619795288	549468	245768	1
126	620779468	2862752	212744	3
127	625799840	691148	192520	3
128	628797816	608860	270860	1
129	629901436	2738552	173600	1
130	634787728	1002684	234504	2
131	637802328	518628	262664	1
132	638757532	2611328	196744	1
133	642536336	1781164	239368	2
134	646782808	699576	341516	3
135	648001784	2813476	194056	2
136	652783616	828964	218120	2
137	655786480	924612	101384	1
138	657164784	2528676	318476	1
139	660096856	2328700	188936	2
140	663468640	1955124	181256	3
141	665844144	2945268	338824	2
142	670780000	791140	315656	3
143	672066696	2320388	216840	2
144	674810764	2674216	221832	3
145	677913672	2303644	201608	3
146	682774960	857756	83848	2
147	685807208	607412	162572	2
148	688772952	873900	204308	3
149	690036868	2324728	172444	3
150	692851000	2842868	6280	1
151	697784992	591036	189960	3
152	700767304	940636	36104	3
153	702785664	1454692	247560	3
154	704715664	2889492	195848	3
155	708176004	2061256	191244	2
156	710617756	2701320	202504	1
157	714012864	2671924	144288	1
158	0	0	0	1
159	718775840	857764	189064	3
160	721756172	976296	203912	2
161	722938368	36368	61328	2
162	723119056	2428572	208908	2
163	727755488	690900	206600	1
164	730770444	541040	217112	1
165	733768656	525132	211976	2
166	736751264	957748	90120	1
167	739749536	841252	227080	3
168	741028876	2643972	229260	2
169	745780480	424900	342536	3
170	748762720	541164	266376	3
171	751744792	607540	356232	2
172	754760232	457676	217632	3
173	755630268	2852512	261128	2
174	758947724	2400752	348312	2
175	763755952	891124	220168	2
176	765066428	2146072	257288	2
177	769753640	874020	246024	1
178	771056592	2353156	217096	1
179	775751328	706804	245000	3
180	778749120	791012	187144	1
181	781748480	857148	230408	2
182	784729760	774996	170784	2
183	785677776	34844	82824	2
184	785881880	2788060	168480	1
185	790744856	507068	219784	3
186	791646700	3070080	215432	2
187	796741936	457924	310304	3
188	797662344	2652644	202252	3
189	800738616	2941292	192008	2
190	804101544	2443636	206344	3
191	806951040	2359788	277896	2
192	809610424	2965276	113288	3
193	813132028	2325928	206088	3
194	815674024	2172	107656	3
195	0	0	0	3
196	815927324	2262664	429704	3
197	818621124	2567744	206740	1
198	821612068	3042136	183836	1
199	825074880	2294608	231184	2
200	0	0	0	2
201	827607556	2977292	223248	2
202	830809888	2473380	269832	3
203	833554528	2727484	252936	2
204	836546148	5184	129416	2
205	836765644	2615304	220552	2
206	839603296	26484	96520	2
207	839797940	2764816	226696	1
208	842792576	1812	110728	1
209	842959520	2285212	272264	2
210	845728900	2981168	201224	3
211	0	0	0	3
212	849112968	2295820	269832	3
213	851867404	2273664	398216	2
214	854725644	2813472	70280	2
215	0	0	0	2
216	0	0	0	2
217	0	0	0	3
218	860665484	13632	21896	3
219	0	0	0	3
220	0	0	0	3
221	0	0	0	3
222	0	0	0	3
223	861011604	2575320	191752	2
224	0	0	0	2
225	865694912	857036	312968	3
226	866979188	2321352	218248	2
227	869703084	2629880	220808	1
228	872736284	2461472	223880	1
1	0	0	0	2
2	0	0	0	3
3	9300912	759660	241288	3
4	12282472	742700	330504	3
5	15282008	541516	255496	3
6	18279312	843180	191368	1
7	21295360	725716	209544	3
8	24294048	659700	204808	2
9	27326776	724756	177416	2
10	30291320	458996	279048	3
11	33290192	609468	217736	3
12	36288944	708492	206088	1
13	39287992	575020	410760	3
14	42270192	491764	402188	2
15	45268824	675124	203656	3
16	48267576	758124	180360	1
17	51282896	957748	208272	3
18	54281352	908348	263816	3
19	57280160	908116	197792	3
20	60262112	825228	183816	3
21	63277912	491524	218120	2
22	66276664	641028	217736	1
23	69275416	507908	176264	1
24	72273688	223356	606088	1
25	75272144	991596	122760	1
26	78271560	491404	206216	2
27	81270376	474292	219912	2
28	84268528	724756	176912	2
29	87266680	508628	224648	2
30	90265736	425500	224136	1
31	93264608	724396	190216	3
32	96263544	441524	252168	1
33	99261808	458400	202764	3
102244064	624644	350344	1
35	105275224	825348	195592	1
36	108258376	774028	155784	2
37	111243640	688012	168720	1
38	114255464	223476	475272	3
39	117253856	625364	231560	3
40	120252608	874860	182152	3
41	123251120	975092	143368	1
42	126250240	507908	394000	1
43	129248808	574772	259976	1
44	132247200	825108	181000	2
45	135246256	907628	540936	2
46	138244528	758244	161416	1
47	141260032	891604	16136	3
48	144242456	874620	168200	2
49	147241576	507304	208012	3
50	0	0	0	3
51	153238824	541164	215176	2
52	156236632	608860	215432	1
53	159235800	908116	173448	3
54	162235152	1007508	130696	2
55	165232952	1007860	169992	2
56	168231768	674636	240648	3
57	171230824	557660	230792	3
58	174228912	924740	171040	1
59	177227904	475268	248336	2
60	180227084	890884	163468	1
61	183224992	425148	217480	1
62	186224112	424300	230792	3
63	189223648	973764	40456	3
64	192221856	874380	185864	1
65	195220240	774524	214152	2
66	198218824	524532	238984	2
67	201217568	824396	205832	3
68	204216392	691388	236944	2
69	207215256	441540	284808	1
70	210196792	841612	224648	2
71	213212712	740540	159752	1
72	216210624	541396	238472	2
73	219210160	557540	250376	2
74	222225480	957020	184200	2
75	225207848	440204	263432	2
76	228238592	558380	204424	3
77	231205056	923892	14216	1
78	234203992	690060	235272	3
79	237202024	924012	141320	1
80	240200656	1007260	197000	3
81	243198928	691628	194840	2
82	246197744	574404	204424	1
83	249196496	691020	287752	2
84	0	0	0	3
85	255195096	439596	237968	2
86	258192696	841132	180744	2
87	261191632	623804	256392	3
88	264190200	907756	192136	1
89	267189080	840404	265864	1
90	270187832	724156	206752	1
91	273185984	491164	214024	2
92	276185280	956780	123912	2
93	279184096	1006652	226056	2
94	282198448	824748	252168	2
95	285182624	655604	244104	3
96	288178968	824388	182408	3
97	291177968	791252	202504	3
98	294193944	424308	277384	3
99	297176136	940756	181512	2
100	300174640	623932	217352	1
101	303173464	924252	177416	1
102	306172096	656812	211336	1
103	309170848	957148	188824	3
104	312169484	706928	309912	3
105	315167880	524412	202128	2
106	318166320	674528	211084	2
107	321164904	874140	204944	3
108	324163596	824504	200456	1
109	327162048	574892	265608	3
110	330161408	540432	251404	1
111	333159488	691028	210056	1
112	336158008	974852	165128	3
113	339156760	674764	192392	1
114	342173048	923532	226960	3
115	345154272	974732	186760	2
116	348169952	807276	161032	2
117	351152200	574772	192408	2
118	354167400	841252	153480	2
119	357166336	890396	153480	2
120	360147920	691020	188296	2
121	363146736	824140	64648	3
122	366145184	457676	310152	2
123	369144424	507428	209160	3
124	372142632	957748	175496	1
125	375158064	591044	238752	3
126	378140496	440812	200200	2
127	381155704	757524	232968	1
128	384138120	473708	255136	3
129	387153200	506836	228880	2
130	390135640	490556	221832	3
131	393150112	490804	123400	3
132	396149464	607060	245768	3
133	399147680	591036	227208	3
134	402146256	724276	182032	1
135	405144832	857872	80396	2
136	408127136	591276	240776	2
137	411126256	557180	238472	3
138	414125008	640064	188428	1
139	417122616	908236	182800	3
140	420154744	774748	164744	2
141	423137112	691140	189576	1
142	426119360	524172	231304	2
143	429134800	607296	190732	3
144	432116504	840772	202760	1
145	435131944	974252	154376	1
146	438130824	507420	203656	2
147	441112344	441292	226952	1
148	444111272	890772	182280	1
149	447126720	507308	232328	2
150	450125352	540436	227592	2
151	0	0	0	1
152	456106336	757052	226312	2
153	459121376	541036	217352	1
154	462119948	607536	179848	1
155	465119120	757644	196360	1
156	468117816	723796	190728	2
157	471099040	624884	197512	2
158	474114664	441284	221064	2
159	477113720	674156	192776	1
160	480095424	891004	209800	2
161	483111168	607292	253832	3
162	486109376	657772	212104	1
163	489108248	790776	248844	2
164	492090380	907752	195104	1
165	495106000	790052	210592	3
166	498087824	657536	210188	2
167	501102000	625972	217608	3
168	504101952	873788	204312	1
169	507117280	1007260	184216	1
170	510098688	591268	305160	1
171	513097740	640664	346120	3
172	516096312	741260	229768	3
173	519078624	507428	241552	2
174	522094064	757524	178320	2
175	525076128	890404	116360	2
176	528091328	674036	188424	3
177	531074000	473572	220552	1
178	534088776	790772	210056	1
179	537070304	990996	154656	1
180	540086040	524052	231816	1
181	543084856	857276	197152	1
182	546082888	425028	203656	1
183	549082248	640420	232968	1
184	552081240	457308	242952	3
185	555062528	941116	211976	3
186	558078384	957628	261896	2
187	561076960	423820	365704	3
188	564058968	773548	203792	2
189	567073624	558868	298120	2
190	570073344	790288	199692	1
191	573071128	424548	251160	3
192	576070488	724276	200328	2
193	579068576	607780	213000	2
194	582067272	824508	181648	2
195	585066200	774396	210568	2
196	588064780	458032	360072	2
197	591063592	774028	213768	1
198	594062224	790900	178960	1
199	597060136	941364	203656	3
200	0	0	0	1
201	603058200	607764	198280	3
202	606039896	757644	383496	3
1	0	0	0	2
2	20550488	891844	335496	1
3	0	0	0	1
4	22618660	1771768	233736	3
5	26547696	675360	217996	3
6	29546752	874500	234256	2
7	32539176	433940	238088	1
8	35541004	778608	189720	2
9	38538672	829324	164488	1
10	41537848	545740	197904	1
11	44536064	845584	150924	3
12	47534992	911488	188940	3
13	50533632	779564	195080	3
14	53531904	479356	200088	1
15	56530712	662236	178080	3
16	59529592	861848	193292	3
17	62511600	612356	210080	2
18	65527040	978828	115848	3
19	68525968	495260	224648	2
20	71541288	528872	200588	3
21	74523056	429364	199944	1
22	77521992	429484	171424	3
23	80520688	595364	220168	3
24	0	0	0	3
25	0	0	0	1
26	0	0	0	1
27	0	0	0	1
28	84315172	2797792	247696	3
29	89518272	859924	149128	1
30	92519016	541156	203784	2
31	95517288	741620	112904	3
32	98517128	740532	106760	2
33	0	0	0	2
34	0	0	0	2
35	101514376	991836	162696	1
36	104529932	625248	208648	2
37	107507848	980028	189704	1
38	110520632	684276	246536	3
39	113503184	832820	151824	1
40	116501992	816804	158472	1
41	119500688	915828	243088	3
42	122499568	865580	226184	1
43	125498256	749212	242184	1
44	128497064	882220	241288	3
45	131496192	648492	224904	2
46	134494584	965572	214920	2
47	137493336	565492	196488	1
48	140491968	581756	213512	2
49	143490544	499108	186632	2
50	146489056	865708	158472	2
51	149487992	615844	198920	2
52	0	0	0	1
53	155485780	964512	274336	3
54	158483832	648980	224904	1
55	161483064	831972	209160	2
56	164481456	416228	220808	1
57	167496716	498992	230408	3
58	170478784	715600	245900	2
59	173494040	981964	151688	3
60	176476232	648620	190880	1
61	179474928	665244	180360	2
62	182473560	565612	182792	2
63	185472072	498876	237328	1
64	188470944	515020	274952	2
65	191469760	865228	168456	3
66	194468448	598268	232712	3
67	197484136	864620	93704	1
68	200466200	931244	203656	2
69	203464776	847876	178952	2
70	206463712	481044	329248	3
71	209462224	780892	167048	3
72	212460800	664636	215304	2
73	215459672	597540	217496	3
74	218458488	580788	226824	3
75	221457232	530564	203784	2
76	0	0	0	3
77	227455204	879528	402440	1
78	230453260	664400	208392	2
79	233467792	881732	246792	3
80	236450584	997380	251912	3
81	239482712	780652	209672	1
82	242448032	663920	183820	1
83	245463408	414428	190344	1
84	248461928	847396	183432	2
85	251443992	580076	360976	1
86	254443048	580196	181512	1
87	257441624	847516	150432	1
88	260440560	580188	200456	2
89	263439072	730292	170248	3
90	266437824	513692	220040	3
91	269453144	930276	194568	1
92	272435152	447428	221320	1
93	275433664	563804	209544	2
94	278448984	564044	232712	3
95	281431052	480560	242440	2
96	284446856	497420	179336	2
97	287428440	564044	159752	1
98	290427072	613684	167968	2
99	293442152	580788	226440	3
100	296424216	497548	177928	2
101	299422912	664036	144392	1
102	302421664	713916	129672	1
103	305420536	514180	185624	3
104	308435728	464068	168840	1
105	311434616	548020	221960	1
106	314416504	863772	99464	3
107	317431944	897148	152464	2
108	320430696	796916	224008	2
109	323428968	997020	43796	3
110	326427904	631028	204192	3
111	329409848	730780	300296	2
112	332408480	497548	211720	3
113	335406992	848000	198028	2
114	338405680	697660	178824	1
115	341421424	780540	188552	2
116	344420240	730060	215176	3
117	347418816	696924	145416	2
118	350400648	830164	220040	1
119	353399520	930396	145800	3
120	356414960	430084	209312	2
121	359396728	796916	159240	1
122	362412408	647292	165792	1
123	365410976	580916	235144	1
124	368394008	579468	226824	1
125	371391616	914140	97928	1
126	374407000	446708	255880	3
127	377438824	497548	196128	1
128	380404504	647172	194952	2
129	383402840	480684	200592	1
130	386401536	980148	193160	1
131	389383904	796436	214816	1
132	392382476	513328	214920	3
133	395402976	219260	461576	3
134	398397032	562724	174984	1
8	1
136	404399536	573924	211720	3
137	407381664	590436	162960	2
138	410397288	840884	10376	3
139	413379056	507180	190344	3
140	0	0	0	3
141	416394976	672828	140808	1
142	419393008	524172	179864	1
143	422391696	774636	206488	3
144	425373168	858236	339592	3
145	428387512	992332	48656	2
146	431369408	459356	169224	3
147	434384784	759092	153352	2
148	437383840	608988	199320	2
149	440382352	576340	173448	1
150	443380440	910164	181640	2
151	446396184	425748	246664	3
152	449361328	709700	202272	2
153	452376768	709332	191880	3
154	455358896	575612	180744	1
155	458374400	542236	212360	2
156	461373392	941484	168856	1
157	464371784	975092	189704	1
158	467370776	525020	169504	1
159	470369952	707412	212256	1
160	473368768	907268	136840	2
161	476367224	874380	183312	1
162	479348024	859684	165128	1
163	0	0	0	1
164	0	0	0	1
165	481855260	1417460	209036	2
166	0	0	0	1
167	0	0	0	1
168	0	0	0	1
169	0	0	0	1
170	0	0	0	2
171	0	0	0	2
172	0	0	0	2
173	0	0	0	2
174	494360072	790388	170264	2
175	497358312	474420	218888	1
176	500356888	924380	164128	1
177	503339144	674156	182048	2
178	506338316	906664	128264	1
179	509353336	807036	191264	2
180	512351368	1007860	31644	1
181	515349516	592000	204936	3
182	518348088	1008344	35852	3
183	521364912	607180	169496	1
184	524346016	474540	203016	1
185	527345676	724032	176520	2
186	530343768	857756	205600	3
187	533342520	873780	205704	3
188	536341152	228180	842272	2
189	0	0	0	2
190	0	0	0	2
191	0	0	0	2
192	0	0	0	2
193	538590940	1238928	198796	2
194	542334208	889436	148104	2
195	543407240	2921292	207752	3
196	548351168	459356	254728	1
197	551333900	891368	181536	3
198	554332592	792100	201864	3
199	557330504	759692	164488	1
200	560330344	457788	308360	3
201	563328736	441648	174732	1
202	566343992	575252	214408	2
203	569325936	442016	202764	2
204	0	0	0	1
205	575324240	707520	236428	1
206	578322384	940636	214536	3
207	581321320	957740	190728	1
208	584319288	908116	227336	3
209	587317864	891964	141576	1
210	590317160	691380	157448	1
211	593331992	625612	260232	3
212	596314064	525500	257160	3
213	599312696	924980	217480	1
214	602311272	641988	207112	1
215	605310864	790532	144392	1
216	608309016	808484	173704	2
217	611324096	659100	414732	3
218	614306704	624404	251912	3
219	617305280	475140	214024	3
220	620303792	607900	229896	3